time_ms,signal_0,signal_1,signal_2,signal_3,signal_4,signal_5,signal_6,signal_7,signal_8,signal_9,signal_10,signal_11,signal_12,signal_13,signal_14
17656,358.945068359375,0.0,2438.0,1946.0,1940.0,0.5,0.5,0.5,,-0.0,2.404801368713379,0.0,0.0,0.0,0.0
17660,358.945068359375,0.0,2433.0,1943.0,1936.0,0.5,0.5,0.5,,-0.0,2.404801368713379,0.0,0.0,0.0,0.0
17664,358.945068359375,0.0,2438.0,2060.0,2078.0,0.5,0.5,0.5,,-0.0,2.404801368713379,0.0,0.0,0.0,0.0
17668,358.945068359375,0.0,1997.0,1919.0,1869.0,0.5,0.5,0.5,,-0.0,2.404801368713379,0.0,0.0,0.0,0.0
17672,358.945068359375,0.0,2430.0,1948.0,1939.0,0.5,0.5,0.5,,-0.0,2.404801368713379,0.0,0.0,0.0,0.0
17676,358.945068359375,0.0,2439.0,2055.0,2080.0,0.5,0.5,0.5,,-0.0,2.404801368713379,0.0,0.0,0.0,0.0
17680,358.945068359375,0.0,2002.0,1917.0,1865.0,0.5,0.5,0.5,,-0.0,2.404801368713379,0.0,0.0,0.0,0.0
17684,358.945068359375,0.0,2212.0,1860.0,1726.0,0.5,0.5,0.5,,-0.0,2.404801368713379,0.0,0.0,0.0,0.0
17688,358.945068359375,0.0,2435.0,1950.0,1941.0,0.5,0.5,0.5,,-0.0,2.404801368713379,0.0,0.0,0.0,0.0
17692,358.945068359375,0.0,2443.0,2058.0,2078.0,0.5,0.5,0.5,,-0.0,2.404801368713379,0.0,0.0,0.0,0.0
17696,358.945068359375,0.0,1998.0,1918.0,1868.0,0.5,0.5,0.5,,-0.0,2.404801368713379,0.0,0.0,0.0,0.0
17700,358.945068359375,0.0,2441.0,1951.0,1941.0,0.5,0.5,0.5,,-0.0,2.404801368713379,0.0,0.0,0.0,0.0
17704,358.945068359375,0.0,2433.0,2049.0,2077.0,0.5,0.5,0.5,,-0.0,2.404801368713379,0.0,0.0,0.0,0.0
17708,358.945068359375,0.0,1999.0,1918.0,1869.0,0.5,0.5,0.5,,-0.0,2.404801368713379,0.0,0.0,0.0,0.0
17712,358.945068359375,0.0,2207.0,1860.0,1725.0,0.5,0.5,0.5,,-0.0,2.404801368713379,0.0,0.0,0.0,0.0
17716,358.945068359375,0.0,2431.0,1960.0,1940.0,0.5,0.5,0.5,,-0.0,2.404801368713379,0.0,0.0,0.0,0.0
17720,358.945068359375,0.0,2436.0,2061.0,2080.0,0.5,0.5,0.5,,-0.0,2.404801368713379,0.0,0.0,0.0,0.0
17724,358.945068359375,0.0,2000.0,1918.0,1867.0,0.5,0.5,0.5,,-0.0,2.404801368713379,0.0,0.0,0.0,0.0
17728,358.945068359375,0.0,2435.0,1949.0,1941.0,0.5,0.5,0.5,,-0.0,2.404801368713379,0.0,0.0,0.0,0.0
17732,358.945068359375,0.0,2444.0,2048.0,2071.0,0.5,0.5,0.5,,-0.0,2.404801368713379,0.0,0.0,0.0,0.0
17736,358.945068359375,0.0,1997.0,1920.0,1872.0,0.5,0.5,0.5,,-0.0,2.404801368713379,0.0,0.0,0.0,0.0
17740,358.945068359375,0.0,2210.0,1861.0,1726.0,0.5,0.5,0.5,,-0.0,2.404801368713379,0.0,0.0,0.0,0.0
17744,358.945068359375,0.0,2444.0,1956.0,1947.0,0.5,0.5,0.5,,-0.0,2.404801368713379,0.0,0.0,0.0,0.0
17748,358.945068359375,0.0,2436.0,2062.0,2081.0,0.5,0.5,0.5,,-0.0,2.404801368713379,0.0,0.0,0.0,0.0
17752,358.945068359375,0.0,2219.0,1863.0,1727.0,0.5,0.5,0.5,,-0.0,2.404801368713379,0.0,0.0,0.0,0.0
17756,358.945068359375,0.0,2439.0,1949.0,1939.0,0.5,0.5,0.5,,-0.0,2.404801368713379,0.0,0.0,0.0,0.0
17760,358.945068359375,0.0,2435.0,2056.0,2078.0,0.5,0.5,0.5,,-0.0,2.404801368713379,0.0,0.0,0.0,0.0
17764,358.945068359375,0.0,1996.0,1902.0,1857.0,0.5,0.5,0.5,,-0.0,2.404801368713379,0.0,0.0,0.0,0.0
17768,358.945068359375,0.0,2214.0,1863.0,1728.0,0.5,0.5,0.5,,-0.0,2.404801368713379,0.0,0.0,0.0,0.0
17772,358.945068359375,0.0,2433.0,1947.0,1933.0,0.5,0.5,0.5,,-0.0,2.404801368713379,0.0,0.0,0.0,0.0
17776,358.945068359375,0.0,2438.0,2064.0,2077.0,0.5,0.5,0.5,,-0.0,2.404801368713379,0.0,0.0,0.0,0.0
17780,358.945068359375,0.0,2214.0,1860.0,1724.0,0.5,0.5,0.5,,-0.0,2.404801368713379,0.0,0.0,0.0,0.0
17784,358.945068359375,0.0,2434.0,1949.0,1934.0,0.5,0.5,0.5,,-0.0,2.404801368713379,0.0,0.0,0.0,0.0
17788,358.945068359375,0.0,2438.0,2061.0,2076.0,0.5,0.5,0.5,,-0.0,2.404801368713379,0.0,0.0,0.0,0.0
17792,358.945068359375,0.0,1997.0,1914.0,1867.0,0.5,0.5,0.5,,-0.0,2.404801368713379,0.0,0.0,0.0,0.0
17796,358.945068359375,0.0,2232.0,1861.0,1721.0,0.5,0.5,0.5,,-0.0,2.404801368713379,0.0,0.0,0.0,0.0
17800,358.945068359375,0.0,2430.0,1942.0,1925.0,0.5,0.5,0.5,,-0.0,2.404801368713379,0.0,0.0,0.0,0.0
17804,358.945068359375,0.0,2443.0,2061.0,2073.0,0.5,0.5,0.5,,-0.0,2.404801368713379,0.0,0.0,0.0,0.0
17808,358.945068359375,0.0,2209.0,1862.0,1723.0,0.5,0.5,0.5,,-0.0,2.404801368713379,0.0,0.0,0.0,0.0
17812,358.945068359375,0.0,2441.0,1955.0,1938.0,0.5,0.5,0.5,,-0.0,2.404801368713379,0.0,0.0,0.0,0.0
17816,358.945068359375,0.0,2439.0,2056.0,2073.0,0.5,0.5,0.5,,-0.0,2.404801368713379,0.0,0.0,0.0,0.0
17820,358.945068359375,0.0,2005.0,1921.0,1873.0,0.5,0.5,0.5,,-0.0,2.404801368713379,0.0,0.0,0.0,0.0
17824,358.945068359375,0.0,2213.0,1863.0,1723.0,0.5,0.5,0.5,,-0.0,2.404801368713379,0.0,0.0,0.0,0.0
17828,358.945068359375,0.0,2445.0,1946.0,1929.0,0.5,0.5,0.5,,-0.0,2.404801368713379,0.0,0.0,0.0,0.0
17832,358.945068359375,0.0,2457.0,2058.0,2072.0,0.5,0.5,0.5,,-0.0,2.404801368713379,0.0,0.0,0.0,0.0
17836,358.945068359375,0.0,2216.0,1860.0,1725.0,0.5,0.5,0.5,,-0.0,2.404801368713379,0.0,0.0,0.0,0.0
17840,358.945068359375,0.0,2437.0,1953.0,1935.0,0.5,0.5,0.5,,-0.0,2.404801368713379,0.0,0.0,0.0,0.0
17844,358.945068359375,0.0,2443.0,2064.0,2078.0,0.5,0.5,0.5,,-0.0,2.404801368713379,0.0,0.0,0.0,0.0
17848,358.945068359375,0.0,2001.0,1904.0,1861.0,0.5,0.5,0.5,,-0.0,2.404801368713379,0.0,0.0,0.0,0.0
17852,358.945068359375,0.0,2211.0,1864.0,1728.0,0.5,0.5,0.5,,-0.0,2.404801368713379,0.0,0.0,0.0,0.0
17856,358.945068359375,0.0,2433.0,1947.0,1936.0,0.5,0.5,0.5,,-0.0,2.404801368713379,0.0,0.0,0.0,0.0
17860,358.945068359375,0.0,2446.0,2060.0,2076.0,0.5,0.5,0.5,,-0.0,2.404801368713379,0.0,0.0,0.0,0.0
17864,358.945068359375,0.0,2207.0,1866.0,1729.0,0.5,0.5,0.5,,-0.0,2.404801368713379,0.0,0.0,0.0,0.0
17868,358.945068359375,0.0,2438.0,1941.0,1929.0,0.5,0.5,0.5,,-0.0,2.404801368713379,0.0,0.0,0.0,0.0
17872,358.945068359375,0.0,2437.0,2060.0,2078.0,0.5,0.5,0.5,,-0.0,2.404801368713379,0.0,0.0,0.0,0.0
17876,358.945068359375,0.0,1998.0,1908.0,1865.0,0.5,0.5,0.5,,-0.0,2.404801368713379,0.0,0.0,0.0,0.0
17880,358.945068359375,0.0,2227.0,1864.0,1724.0,0.5,0.5,0.5,,-0.0,2.404801368713379,0.0,0.0,0.0,0.0
17884,358.945068359375,0.0,2433.0,1951.0,1938.0,0.5,0.5,0.5,,-0.0,2.404801368713379,0.0,0.0,0.0,0.0
17888,358.945068359375,0.0,2002.0,1922.0,1873.0,0.5,0.5,0.5,,-0.0,2.404801368713379,0.0,0.0,0.0,0.0
17892,358.945068359375,0.0,2215.0,1861.0,1722.0,0.5,0.5,0.5,,-0.0,2.404801368713379,0.0,0.0,0.0,0.0
17896,358.945068359375,0.0,2435.0,1952.0,1935.0,0.5,0.5,0.5,,-0.0,2.404801368713379,0.0,0.0,0.0,0.0
17900,358.945068359375,0.0,2429.0,2049.0,2073.0,0.5,0.5,0.5,,-0.0,2.404801368713379,0.0,0.0,0.0,0.0
17904,358.945068359375,0.0,1998.0,1916.0,1872.0,0.5,0.5,0.5,,-0.0,2.404801368713379,0.0,0.0,0.0,0.0
17908,358.945068359375,0.0,2191.0,1861.0,1723.0,0.5,0.5,0.5,,-0.0,2.404801368713379,0.0,0.0,0.0,0.0
17912,358.945068359375,0.0,2446.0,1953.0,1939.0,0.5,0.5,0.5,,-0.0,2.404801368713379,0.0,0.0,0.0,0.0
17916,358.945068359375,0.0,2005.0,1919.0,1867.0,0.5,0.5,0.5,,-0.0,2.404801368713379,0.0,0.0,0.0,0.0
17920,358.945068359375,0.0,2200.0,1859.0,1723.0,0.5,0.5,0.5,,-0.0,2.404801368713379,0.0,0.0,0.0,0.0
17924,358.945068359375,0.0,2446.0,1952.0,1938.0,0.5,0.5,0.5,,-0.0,2.404801368713379,0.0,0.0,0.0,0.0
17928,358.945068359375,0.0,2440.0,2057.0,2071.0,0.5,0.5,0.5,,-0.0,2.404801368713379,0.0,0.0,0.0,0.0
17932,358.945068359375,0.0,1999.0,1919.0,1871.0,0.5,0.5,0.5,,-0.0,2.404801368713379,0.0,0.0,0.0,0.0
17936,358.945068359375,0.0,2211.0,1864.0,1724.0,0.5,0.5,0.5,,-0.0,2.404801368713379,0.0,0.0,0.0,0.0
17940,358.945068359375,0.0,2423.0,1940.0,1924.0,0.5,0.5,0.5,,-0.0,2.404801368713379,0.0,0.0,0.0,0.0
17944,358.945068359375,0.0,1999.0,1919.0,1868.0,0.5,0.5,0.5,,-0.0,2.404801368713379,0.0,0.0,0.0,0.0
17948,358.945068359375,0.0,2213.0,1862.0,1727.0,0.5,0.5,0.5,,-0.0,2.404801368713379,0.0,0.0,0.0,0.0
17952,358.945068359375,0.0,2433.0,1945.0,1931.0,0.5,0.5,0.5,,-0.0,2.404801368713379,0.0,0.0,0.0,0.0
17956,358.945068359375,0.0,2442.0,2060.0,2076.0,0.5,0.5,0.5,,-0.0,2.404801368713379,0.0,0.0,0.0,0.0
17960,358.945068359375,0.0,2005.0,1918.0,1869.0,0.5,0.5,0.5,,-0.0,2.404801368713379,0.0,0.0,0.0,0.0
17964,358.945068359375,0.0,2221.0,1862.0,1725.0,0.5,0.5,0.5,,-0.0,2.404801368713379,0.0,0.0,0.0,0.0
17968,358.945068359375,0.0,2443.0,1952.0,1940.0,0.5,0.5,0.5,,-0.0,2.404801368713379,0.0,0.0,0.0,0.0
17972,358.945068359375,0.0,1993.0,1913.0,1867.0,0.5,0.5,0.5,,-0.0,2.404801368713379,0.0,0.0,0.0,0.0
17976,358.945068359375,0.0,2213.0,1857.0,1725.0,0.5,0.5,0.5,,-0.0,2.404801368713379,0.0,0.0,0.0,0.0
17980,358.945068359375,0.0,2434.0,1946.0,1929.0,0.5,0.5,0.5,,-0.0,2.404801368713379,0.0,0.0,0.0,0.0
17984,358.945068359375,0.0,2442.0,2056.0,2071.0,0.5,0.5,0.5,,-0.0,2.404801368713379,0.0,0.0,0.0,0.0
17988,358.945068359375,0.0,2005.0,1918.0,1871.0,0.5,0.5,0.5,,-0.0,2.404801368713379,0.0,0.0,0.0,0.0
17992,358.945068359375,0.0,2223.0,1866.0,1730.0,0.5,0.5,0.5,,-0.0,2.404801368713379,0.0,0.0,0.0,0.0
17996,358.945068359375,0.0,2437.0,1945.0,1929.0,0.5,0.5,0.5,,-0.0,2.404801368713379,0.0,0.0,0.0,0.0
18000,358.945068359375,0.0,1997.0,1917.0,1869.0,0.5,0.5,0.5,,-0.0,2.404801368713379,0.0,0.0,0.0,0.0
18004,358.945068359375,0.0,2202.0,1856.0,1724.0,0.5,0.5,0.5,,-0.0,2.404801368713379,0.0,0.0,0.0,0.0
18008,358.945068359375,0.0,2441.0,1947.0,1936.0,0.5,0.5,0.5,,-0.0,2.404801368713379,0.0,0.0,0.0,0.0
18012,358.945068359375,0.0,2439.0,2057.0,2073.0,0.5,0.5,0.5,,-0.0,2.404801368713379,0.0,0.0,0.0,0.0
18016,358.945068359375,0.0,2011.0,1920.0,1869.0,0.5,0.5,0.5,,-0.0,2.404801368713379,0.0,0.0,0.0,0.0
18020,358.945068359375,0.0,2203.0,1859.0,1727.0,0.5,0.5,0.5,,-0.0,2.404801368713379,0.0,0.0,0.0,0.0
18024,358.945068359375,0.0,2435.0,1948.0,1936.0,0.5,0.5,0.5,,-0.0,2.404801368713379,0.0,0.0,0.0,0.0
18028,358.945068359375,0.0,1998.0,1921.0,1869.0,0.5,0.5,0.5,,-0.0,2.404801368713379,0.0,0.0,0.0,0.0
18032,358.945068359375,0.0,2223.0,1865.0,1726.0,0.5,0.5,0.5,,-0.0,2.404801368713379,0.0,0.0,0.0,0.0
18036,358.945068359375,0.0,2434.0,1942.0,1929.0,0.5,0.5,0.5,,-0.0,2.404801368713379,0.0,0.0,0.0,0.0
18040,358.945068359375,0.0,2441.0,2056.0,2071.0,0.5,0.5,0.5,,-0.0,2.404801368713379,0.0,0.0,0.0,0.0
18044,358.945068359375,0.0,1993.0,1920.0,1871.0,0.5,0.5,0.5,,-0.0,2.404801368713379,0.0,0.0,0.0,0.0
18048,358.945068359375,0.0,2215.0,1853.0,1720.0,0.5,0.5,0.5,,-0.0,2.404801368713379,0.0,0.0,0.0,0.0
18052,358.945068359375,0.0,2443.0,2058.0,2075.0,0.5,0.5,0.5,,-0.0,2.404801368713379,0.0,0.0,0.0,0.0
18056,358.945068359375,0.0,1993.0,1920.0,1873.0,0.5,0.5,0.5,,-0.0,2.404801368713379,0.0,0.0,0.0,0.0
18060,358.945068359375,0.0,2203.0,1858.0,1723.0,0.5,0.5,0.5,,-0.0,2.404801368713379,0.0,0.0,0.0,0.0
18064,358.945068359375,0.0,2435.0,1959.0,1942.0,0.5,0.5,0.5,,-0.0,2.404801368713379,0.0,0.0,0.0,0.0
18068,358.945068359375,0.0,2435.0,2058.0,2080.0,0.5,0.5,0.5,,-0.0,2.404801368713379,0.0,0.0,0.0,0.0
18072,358.945068359375,0.0,2002.0,1931.0,1877.0,0.5,0.5,0.5,,-0.0,2.404801368713379,0.0,0.0,0.0,0.0
18076,358.945068359375,0.0,2201.0,1858.0,1723.0,0.5,0.5,0.5,,-0.0,2.404801368713379,0.0,0.0,0.0,0.0
18080,358.945068359375,0.0,2440.0,2056.0,2076.0,0.5,0.5,0.5,,-0.0,2.404801368713379,0.0,0.0,0.0,0.0
18084,358.945068359375,0.0,2008.0,1922.0,1869.0,0.5,0.5,0.5,,-0.0,2.404801368713379,0.0,0.0,0.0,0.0
18088,358.945068359375,0.0,2215.0,1859.0,1726.0,0.5,0.5,0.5,,-0.0,2.404801368713379,0.0,0.0,0.0,0.0
18092,358.945068359375,0.0,2439.0,1943.0,1930.0,0.5,0.5,0.5,,-0.0,2.404801368713379,0.0,0.0,0.0,0.0
18096,358.945068359375,0.0,2446.0,2056.0,2076.0,0.5,0.5,0.5,,-0.0,2.404801368713379,0.0,0.0,0.0,0.0
18100,358.945068359375,0.0,1995.0,1914.0,1865.0,0.5,0.5,0.5,,-0.0,2.404801368713379,0.0,0.0,0.0,0.0
18104,358.945068359375,0.0,2201.0,1865.0,1731.0,0.5,0.5,0.5,,-0.0,2.404801368713379,0.0,0.0,0.0,0.0
18108,358.945068359375,0.0,2440.0,2052.0,2072.0,0.5,0.5,0.5,,-0.0,2.404801368713379,0.0,0.0,0.0,0.0
18112,358.945068359375,0.0,2004.0,1917.0,1873.0,0.5,0.5,0.5,,-0.0,2.404801368713379,0.0,0.0,0.0,0.0
18116,358.945068359375,0.0,2217.0,1861.0,1726.0,0.5,0.5,0.5,,-0.0,2.404801368713379,0.0,0.0,0.0,0.0
18120,358.945068359375,0.0,2434.0,1942.0,1928.0,0.5,0.5,0.5,,-0.0,2.404801368713379,0.0,0.0,0.0,0.0
18124,358.945068359375,0.0,2437.0,2056.0,2072.0,0.5,0.5,0.5,,-0.0,2.404801368713379,0.0,0.0,0.0,0.0
18128,358.945068359375,0.0,1994.0,1918.0,1872.0,0.5,0.5,0.5,,-0.0,2.404801368713379,0.0,0.0,0.0,0.0
18132,358.945068359375,0.0,2230.0,1859.0,1725.0,0.5,0.5,0.5,,-0.0,2.404801368713379,0.0,0.0,0.0,0.0
18136,358.945068359375,0.0,2445.0,2057.0,2075.0,0.5,0.5,0.5,,-0.0,2.404801368713379,0.0,0.0,0.0,0.0
18140,358.945068359375,0.0,1998.0,1920.0,1873.0,0.5,0.5,0.5,,-0.0,2.404801368713379,0.0,0.0,0.0,0.0
18144,358.945068359375,0.0,2207.0,1859.0,1726.0,0.5,0.5,0.5,,-0.0,2.404801368713379,0.0,0.0,0.0,0.0
18148,358.945068359375,0.0,2425.0,1939.0,1930.0,0.5,0.5,0.5,,-0.0,2.404801368713379,0.0,0.0,0.0,0.0
18152,358.945068359375,0.0,2446.0,2053.0,2075.0,0.5,0.5,0.5,,-0.0,2.404801368713379,0.0,0.0,0.0,0.0
18156,358.945068359375,0.0,1983.0,1916.0,1868.0,0.5,0.5,0.5,,-0.0,2.404801368713379,0.0,0.0,0.0,0.0
18160,358.945068359375,0.0,2219.0,1854.0,1722.0,0.5,0.5,0.5,,-0.0,2.404801368713379,0.0,0.0,0.0,0.0
18164,358.945068359375,0.0,2442.0,2046.0,2070.0,0.5,0.5,0.5,,-0.0,2.404801368713379,0.0,0.0,0.0,0.0
18168,358.945068359375,0.0,1988.0,1921.0,1870.0,0.5,0.5,0.5,,-0.0,2.404801368713379,0.0,0.0,0.0,0.0
18172,358.945068359375,0.0,2200.0,1859.0,1728.0,0.5,0.5,0.5,,-0.0,2.404801368713379,0.0,0.0,0.0,0.0
18176,358.945068359375,0.0,2421.0,1937.0,1928.0,0.5,0.5,0.5,,-0.0,2.404801368713379,0.0,0.0,0.0,0.0
18180,358.945068359375,0.0,2449.0,2057.0,2077.0,0.5,0.5,0.5,,-0.0,2.404801368713379,0.0,0.0,0.0,0.0
18184,358.945068359375,0.0,1991.0,1918.0,1867.0,0.5,0.5,0.5,,-0.0,2.404801368713379,0.0,0.0,0.0,0.0
18188,358.945068359375,0.0,2191.0,1861.0,1729.0,0.5,0.5,0.5,,-0.0,2.404801368713379,0.0,0.0,0.0,0.0
18192,358.945068359375,0.0,2445.0,2044.0,2066.0,0.5,0.5,0.5,,-0.0,2.404801368713379,0.0,0.0,0.0,0.0
18196,358.945068359375,0.0,1992.0,1931.0,1876.0,0.5,0.5,0.5,,-0.0,2.404801368713379,0.0,0.0,0.0,0.0
18200,358.945068359375,0.0,2206.0,1862.0,1730.0,0.5,0.5,0.5,,-0.0,2.404801368713379,0.0,0.0,0.0,0.0
18204,358.945068359375,0.0,2430.0,1941.0,1933.0,0.5,0.5,0.5,,-0.0,2.404801368713379,0.0,0.0,0.0,0.0
18208,358.945068359375,0.0,2441.0,2055.0,2073.0,0.5,0.5,0.5,,-0.0,2.404801368713379,0.0,0.0,0.0,0.0
18212,358.945068359375,0.0,1989.0,1920.0,1875.0,0.5,0.5,0.5,,-0.0,2.404801368713379,0.0,0.0,0.0,0.0
18216,358.945068359375,0.0,2433.0,1937.0,1926.0,0.5,0.5,0.5,,-0.0,2.404801368713379,0.0,0.0,0.0,0.0
18220,358.945068359375,0.0,2447.0,2056.0,2074.0,0.5,0.5,0.5,,-0.0,2.404801368713379,0.0,0.0,0.0,0.0
18224,358.945068359375,0.0,2003.0,1918.0,1872.0,0.5,0.5,0.5,,-0.0,2.404801368713379,0.0,0.0,0.0,0.0
18228,358.945068359375,0.0,2205.0,1861.0,1727.0,0.5,0.5,0.5,,-0.0,2.404801368713379,0.0,0.0,0.0,0.0
18232,358.945068359375,0.0,2429.0,1942.0,1932.0,0.5,0.5,0.5,,-0.0,2.404801368713379,0.0,0.0,0.0,0.0
18236,358.945068359375,0.0,2444.0,2056.0,2073.0,0.5,0.5,0.5,,-0.0,2.404801368713379,0.0,0.0,0.0,0.0
18240,358.945068359375,0.0,1997.0,1918.0,1868.0,0.5,0.5,0.5,,-0.0,2.404801368713379,0.0,0.0,0.0,0.0
18244,358.945068359375,0.0,2429.0,1938.0,1928.0,0.5,0.5,0.5,,-0.0,2.404801368713379,0.0,0.0,0.0,0.0
18248,358.945068359375,0.0,2446.0,2052.0,2075.0,0.5,0.5,0.5,,-0.0,2.404801368713379,0.0,0.0,0.0,0.0
18252,358.945068359375,0.0,2007.0,1920.0,1871.0,0.5,0.5,0.5,,-0.0,2.404801368713379,0.0,0.0,0.0,0.0
18256,358.945068359375,0.0,2196.0,1860.0,1728.0,0.5,0.5,0.5,,-0.0,2.404801368713379,0.0,0.0,0.0,0.0
18260,358.945068359375,0.0,2433.0,1944.0,1935.0,0.5,0.5,0.5,,-0.0,2.404801368713379,0.0,0.0,0.0,0.0
18264,358.945068359375,0.0,2414.0,2056.0,2081.0,0.5,0.5,0.5,,-0.0,2.404801368713379,0.0,0.0,0.0,0.0
18268,358.945068359375,0.0,1993.0,1938.0,1879.0,0.5,0.5,0.5,,-0.0,2.404801368713379,0.0,0.0,0.0,0.0
18272,358.945068359375,0.0,2429.0,1938.0,1930.0,0.5,0.5,0.5,,-0.0,2.404801368713379,0.0,0.0,0.0,0.0
18276,358.945068359375,0.0,2434.0,2056.0,2074.0,0.5,0.5,0.5,,-0.0,2.404801368713379,0.0,0.0,0.0,0.0
18280,358.945068359375,0.0,2003.0,1916.0,1868.0,0.5,0.5,0.5,,-0.0,2.404801368713379,0.0,0.0,0.0,0.0
18284,358.945068359375,0.0,2218.0,1862.0,1728.0,0.5,0.5,0.5,,-0.0,2.404801368713379,0.0,0.0,0.0,0.0
18288,358.945068359375,0.0,2432.0,1941.0,1933.0,0.5,0.5,0.5,,-0.0,2.404801368713379,0.0,0.0,0.0,0.0
18292,358.945068359375,0.0,2427.0,2055.0,2078.0,0.5,0.5,0.5,,-0.0,2.404801368713379,0.0,0.0,0.0,0.0
18296,358.945068359375,0.0,1995.0,1918.0,1870.0,0.5,0.5,0.5,,-0.0,2.404801368713379,0.0,0.0,0.0,0.0
18300,358.945068359375,0.0,2427.0,1940.0,1932.0,0.5,0.5,0.5,,-0.0,2.404801368713379,0.0,0.0,0.0,0.0
18304,358.945068359375,0.0,2429.0,2059.0,2080.0,0.5,0.5,0.5,,-0.0,2.404801368713379,0.0,0.0,0.0,0.0
18308,358.945068359375,0.0,2003.0,1918.0,1872.0,0.5,0.5,0.5,,-0.0,2.404801368713379,0.0,0.0,0.0,0.0
18312,358.945068359375,0.0,2204.0,1860.0,1731.0,0.5,0.5,0.5,,-0.0,2.404801368713379,0.0,0.0,0.0,0.0
18316,358.945068359375,0.0,2431.0,1943.0,1933.0,0.5,0.5,0.5,,-0.0,2.404801368713379,0.0,0.0,0.0,0.0
18320,358.945068359375,0.0,2441.0,2051.0,2076.0,0.5,0.5,0.5,,-0.0,2.404801368713379,0.0,0.0,0.0,0.0
18324,358.945068359375,0.0,2001.0,1921.0,1869.0,0.5,0.5,0.5,,-0.0,2.404801368713379,0.0,0.0,0.0,0.0
18328,358.945068359375,0.0,2433.0,1930.0,1926.0,0.5,0.5,0.5,,-0.0,2.404801368713379,0.0,0.0,0.0,0.0
18332,358.945068359375,0.0,2437.0,2060.0,2080.0,0.5,0.5,0.5,,-0.0,2.404801368713379,0.0,0.0,0.0,0.0
18336,358.945068359375,0.0,2004.0,1916.0,1865.0,0.5,0.5,0.5,,-0.0,2.404801368713379,0.0,0.0,0.0,0.0
18340,358.945068359375,0.0,2202.0,1858.0,1726.0,0.5,0.5,0.5,,-0.0,2.404801368713379,0.0,0.0,0.0,0.0
18344,358.945068359375,0.0,2429.0,1941.0,1935.0,0.5,0.5,0.5,,-0.0,2.404801368713379,0.0,0.0,0.0,0.0
18348,358.945068359375,0.0,2431.0,2057.0,2076.0,0.5,0.5,0.5,,-0.0,2.404801368713379,0.0,0.0,0.0,0.0
18352,358.945068359375,0.0,1990.0,1917.0,1867.0,0.5,0.5,0.5,,-0.0,2.404801368713379,0.0,0.0,0.0,0.0
18356,358.945068359375,0.0,2427.0,1938.0,1932.0,0.5,0.5,0.5,,-0.0,2.404801368713379,0.0,0.0,0.0,0.0
18360,358.945068359375,0.0,2440.0,2057.0,2077.0,0.5,0.5,0.5,,-0.0,2.404801368713379,0.0,0.0,0.0,0.0
18364,358.945068359375,0.0,1991.0,1915.0,1867.0,0.5,0.5,0.5,,-0.0,2.404801368713379,0.0,0.0,0.0,0.0
18368,358.945068359375,0.0,2203.0,1860.0,1728.0,0.5,0.5,0.5,,-0.0,2.404801368713379,0.0,0.0,0.0,0.0
18372,358.945068359375,0.0,2429.0,1941.0,1932.0,0.5,0.5,0.5,,-0.0,2.404801368713379,0.0,0.0,0.0,0.0
18376,358.945068359375,0.0,2437.0,2056.0,2077.0,0.5,0.5,0.5,,-0.0,2.404801368713379,0.0,0.0,0.0,0.0
18380,358.945068359375,0.0,2202.0,1866.0,1736.0,0.5,0.5,0.5,,-0.0,2.404801368713379,0.0,0.0,0.0,0.0
18384,358.945068359375,0.0,2427.0,1935.0,1929.0,0.5,0.5,0.5,,-0.0,2.404801368713379,0.0,0.0,0.0,0.0
18388,358.945068359375,0.0,2435.0,2073.0,2083.0,0.5,0.5,0.5,,-0.0,2.404801368713379,0.0,0.0,0.0,0.0
18392,358.945068359375,0.0,1998.0,1903.0,1861.0,0.5,0.5,0.5,,-0.0,2.404801368713379,0.0,0.0,0.0,0.0
18396,358.945068359375,0.0,2223.0,1863.0,1730.0,0.5,0.5,0.5,,-0.0,2.404801368713379,0.0,0.0,0.0,0.0
18400,358.945068359375,0.0,2440.0,1930.0,1927.0,0.5,0.5,0.5,,-0.0,2.404801368713379,0.0,0.0,0.0,0.0
18404,358.945068359375,0.0,2442.0,2041.0,2069.0,0.5,0.5,0.5,,-0.0,2.404801368713379,0.0,0.0,0.0,0.0
18408,358.945068359375,0.0,2214.0,1858.0,1726.0,0.5,0.5,0.5,,-0.0,2.404801368713379,0.0,0.0,0.0,0.0
18412,358.945068359375,0.0,2433.0,1945.0,1935.0,0.5,0.5,0.5,,-0.0,2.404801368713379,0.0,0.0,0.0,0.0
18416,358.945068359375,0.0,2442.0,2058.0,2080.0,0.5,0.5,0.5,,-0.0,2.404801368713379,0.0,0.0,0.0,0.0
18420,358.945068359375,0.0,1994.0,1920.0,1869.0,0.5,0.5,0.5,,-0.0,2.404801368713379,0.0,0.0,0.0,0.0
18424,358.945068359375,0.0,2204.0,1857.0,1725.0,0.5,0.5,0.5,,-0.0,2.404801368713379,0.0,0.0,0.0,0.0
18428,358.945068359375,0.0,2443.0,1942.0,1938.0,0.5,0.5,0.5,,-0.0,2.404801368713379,0.0,0.0,0.0,0.0
18432,358.945068359375,0.0,2438.0,2053.0,2075.0,0.5,0.5,0.5,,-0.0,2.404801368713379,0.0,0.0,0.0,0.0
18436,358.945068359375,0.0,2194.0,1859.0,1729.0,0.5,0.5,0.5,,-0.0,2.404801368713379,0.0,0.0,0.0,0.0
18440,358.945068359375,0.0,2441.0,1940.0,1938.0,0.5,0.5,0.5,,-0.0,2.404801368713379,0.0,0.0,0.0,0.0
18444,358.945068359375,0.0,2444.0,2056.0,2076.0,0.5,0.5,0.5,,-0.0,2.404801368713379,0.0,0.0,0.0,0.0
18448,358.945068359375,0.0,1994.0,1919.0,1869.0,0.5,0.5,0.5,,-0.0,2.404801368713379,0.0,0.0,0.0,0.0
19256,358.945068359375,0.0,1991.0,1919.0,1871.0,0.5,0.5,0.5,,-0.0,0.0,0.0,0.0,0.0,0.0
19260,358.945068359375,0.0,2205.0,1853.0,1724.0,0.5,0.5,0.5,,-0.0,0.0,0.0,0.0,0.0,0.0
19264,358.945068359375,0.0,2418.0,1946.0,1929.0,0.5,0.5,0.5,,-0.0,0.0,0.0,0.0,0.0,0.0
19268,358.945068359375,0.0,2443.0,2067.0,2083.0,0.5,0.5,0.5,,-0.0,0.0,0.0,0.0,0.0,0.0
19272,358.945068359375,0.0,1991.0,1914.0,1866.0,0.5,0.5,0.5,,-0.0,0.0,0.0,0.0,0.0,0.0
19276,358.945068359375,0.0,2210.0,1858.0,1726.0,0.5,0.5,0.5,,-0.0,0.0,0.0,0.0,0.0,0.0
19280,358.945068359375,0.0,2433.0,1954.0,1942.0,0.5,0.5,0.5,,-0.0,0.0,0.0,0.0,0.0,0.0
19284,358.945068359375,0.0,1998.0,1919.0,1869.0,0.5,0.5,0.5,,-0.0,0.0,0.0,0.0,0.0,0.0
19288,358.945068359375,0.0,2213.0,1870.0,1732.0,0.5,0.5,0.5,,-0.0,0.0,0.0,0.0,0.0,0.0
19292,358.945068359375,0.0,2431.0,1953.0,1945.0,0.5,0.5,0.5,,-0.0,0.0,0.0,0.0,0.0,0.0
19296,358.945068359375,0.0,2445.0,2055.0,2073.0,0.5,0.5,0.5,,-0.0,0.0,0.0,0.0,0.0,0.0
19300,358.945068359375,0.0,1999.0,1916.0,1870.0,0.5,0.5,0.5,,-0.0,0.0,0.0,0.0,0.0,0.0
19304,358.945068359375,0.0,2199.0,1849.0,1721.0,0.5,0.5,0.5,,-0.0,0.0,0.0,0.0,0.0,0.0
19308,358.945068359375,0.0,2446.0,2059.0,2078.0,0.5,0.5,0.5,,-0.0,0.0,0.0,0.0,0.0,0.0
19312,358.945068359375,0.0,1999.0,1918.0,1872.0,0.5,0.5,0.5,,-0.0,0.0,0.0,0.0,0.0,0.0
19316,358.945068359375,0.0,2201.0,1861.0,1729.0,0.5,0.5,0.5,,-0.0,0.0,0.0,0.0,0.0,0.0
19320,358.945068359375,0.0,2430.0,1953.0,1939.0,0.5,0.5,0.5,,-0.0,0.0,0.0,0.0,0.0,0.0
19324,358.945068359375,0.0,2441.0,2059.0,2082.0,0.5,0.5,0.5,,-0.0,0.0,0.0,0.0,0.0,0.0
19328,358.945068359375,0.0,2005.0,1917.0,1868.0,0.5,0.5,0.5,,-0.0,0.0,0.0,0.0,0.0,0.0
19332,358.945068359375,0.0,2206.0,1868.0,1730.0,0.5,0.5,0.5,,-0.0,0.0,0.0,0.0,0.0,0.0
19336,358.945068359375,0.0,2448.0,2059.0,2077.0,0.5,0.5,0.5,,-0.0,0.0,0.0,0.0,0.0,0.0
19340,358.945068359375,0.0,1989.0,1917.0,1869.0,0.5,0.5,0.5,,-0.0,0.0,0.0,0.0,0.0,0.0
19344,358.945068359375,0.0,2203.0,1856.0,1728.0,0.5,0.5,0.5,,-0.0,0.0,0.0,0.0,0.0,0.0
19348,358.945068359375,0.0,2434.0,1947.0,1937.0,0.5,0.5,0.5,,-0.0,0.0,0.0,0.0,0.0,0.0
19352,358.945068359375,0.0,2439.0,2060.0,2081.0,0.5,0.5,0.5,,-0.0,0.0,0.0,0.0,0.0,0.0
19356,358.945068359375,0.0,1995.0,1920.0,1869.0,0.5,0.5,0.5,,-0.0,0.0,0.0,0.0,0.0,0.0
19360,358.945068359375,0.0,2203.0,1851.0,1721.0,0.5,0.5,0.5,,-0.0,0.0,0.0,0.0,0.0,0.0
19364,358.945068359375,0.0,2444.0,2065.0,2084.0,0.5,0.5,0.5,,-0.0,0.0,0.0,0.0,0.0,0.0
19368,358.945068359375,0.0,1999.0,1916.0,1868.0,0.5,0.5,0.5,,-0.0,0.0,0.0,0.0,0.0,0.0
19372,358.945068359375,0.0,2211.0,1861.0,1725.0,0.5,0.5,0.5,,-0.0,0.0,0.0,0.0,0.0,0.0
19376,358.945068359375,0.0,2424.0,1950.0,1934.0,0.5,0.5,0.5,,-0.0,0.0,0.0,0.0,0.0,0.0
19380,358.945068359375,0.0,2443.0,2059.0,2077.0,0.5,0.5,0.5,,-0.0,0.0,0.0,0.0,0.0,0.0
19384,358.945068359375,0.0,1983.0,1919.0,1866.0,0.5,0.5,0.5,,-0.0,0.0,0.0,0.0,0.0,0.0
19388,358.945068359375,0.0,2214.0,1862.0,1732.0,0.5,0.5,0.5,,-0.0,0.0,0.0,0.0,0.0,0.0
19392,358.945068359375,0.0,2443.0,2063.0,2082.0,0.5,0.5,0.5,,-0.0,0.0,0.0,0.0,0.0,0.0
19396,358.945068359375,0.0,2001.0,1921.0,1869.0,0.5,0.5,0.5,,-0.0,0.0,0.0,0.0,0.0,0.0
19400,358.945068359375,0.0,2205.0,1860.0,1722.0,0.5,0.5,0.5,,-0.0,0.0,0.0,0.0,0.0,0.0
19404,358.945068359375,0.0,2423.0,1949.0,1931.0,0.5,0.5,0.5,,-0.0,0.0,0.0,0.0,0.0,0.0
19408,358.945068359375,0.0,2431.0,2057.0,2073.0,0.5,0.5,0.5,,-0.0,0.0,0.0,0.0,0.0,0.0
19412,358.945068359375,0.0,1998.0,1918.0,1869.0,0.5,0.5,0.5,,-0.0,0.0,0.0,0.0,0.0,0.0
19416,358.945068359375,0.0,2201.0,1861.0,1727.0,0.5,0.5,0.5,,-0.0,0.0,0.0,0.0,0.0,0.0
19420,358.945068359375,0.0,2444.0,2059.0,2078.0,0.5,0.5,0.5,,-0.0,0.0,0.0,0.0,0.0,0.0
19424,358.945068359375,0.0,1997.0,1917.0,1867.0,0.5,0.5,0.5,,-0.0,0.0,0.0,0.0,0.0,0.0
19428,358.945068359375,0.0,2197.0,1862.0,1732.0,0.5,0.5,0.5,,-0.0,0.0,0.0,0.0,0.0,0.0
19432,358.945068359375,0.0,2430.0,1947.0,1935.0,0.5,0.5,0.5,,-0.0,0.0,0.0,0.0,0.0,0.0
19436,358.945068359375,0.0,2436.0,2062.0,2078.0,0.5,0.5,0.5,,-0.0,0.0,0.0,0.0,0.0,0.0
19440,358.945068359375,0.0,1999.0,1917.0,1869.0,0.5,0.5,0.5,,-0.0,0.0,0.0,0.0,0.0,0.0
19444,358.945068359375,0.0,2426.0,1942.0,1927.0,0.5,0.5,0.5,,-0.0,0.0,0.0,0.0,0.0,0.0
19448,358.945068359375,0.0,2437.0,2058.0,2077.0,0.5,0.5,0.5,,-0.0,0.0,0.0,0.0,0.0,0.0
19452,358.945068359375,0.0,1991.0,1917.0,1869.0,0.5,0.5,0.5,,-0.0,0.0,0.0,0.0,0.0,0.0
19456,358.945068359375,0.0,2210.0,1865.0,1729.0,0.5,0.5,0.5,,-0.0,0.0,0.0,0.0,0.0,0.0
19460,358.945068359375,0.0,2429.0,1950.0,1936.0,0.5,0.5,0.5,,-0.0,0.0,0.0,0.0,0.0,0.0
19464,358.945068359375,0.0,2438.0,2064.0,2080.0,0.5,0.5,0.5,,-0.0,0.0,0.0,0.0,0.0,0.0
19468,358.945068359375,0.0,1985.0,1917.0,1869.0,0.5,0.5,0.5,,-0.0,0.0,0.0,0.0,0.0,0.0
19472,358.945068359375,0.0,2434.0,1956.0,1941.0,0.5,0.5,0.5,,-0.0,0.0,0.0,0.0,0.0,0.0
19476,358.945068359375,0.0,2435.0,2060.0,2082.0,0.5,0.5,0.5,,-0.0,0.0,0.0,0.0,0.0,0.0
19480,358.945068359375,0.0,2009.0,1914.0,1866.0,0.5,0.5,0.5,,-0.0,0.0,0.0,0.0,0.0,0.0
19484,358.945068359375,0.0,2194.0,1858.0,1726.0,0.5,0.5,0.5,,-0.0,0.0,0.0,0.0,0.0,0.0
19488,358.945068359375,0.0,2411.0,1949.0,1933.0,0.5,0.5,0.5,,-0.0,0.0,0.0,0.0,0.0,0.0
19492,358.945068359375,0.0,2442.0,2060.0,2080.0,0.5,0.5,0.5,,-0.0,0.0,0.0,0.0,0.0,0.0
19496,358.945068359375,0.0,1994.0,1913.0,1865.0,0.5,0.5,0.5,,-0.0,0.0,0.0,0.0,0.0,0.0
19500,358.945068359375,0.0,2427.0,1968.0,1947.0,0.5,0.5,0.5,,-0.0,0.0,0.0,0.0,0.0,0.0
19504,358.945068359375,0.0,2429.0,2058.0,2076.0,0.5,0.5,0.5,,-0.0,0.0,0.0,0.0,0.0,0.0
19508,358.945068359375,0.0,1999.0,1918.0,1870.0,0.5,0.5,0.5,,-0.0,0.0,0.0,0.0,0.0,0.0
19512,358.945068359375,0.0,2217.0,1864.0,1730.0,0.5,0.5,0.5,,-0.0,0.0,0.0,0.0,0.0,0.0
19516,358.945068359375,0.0,2431.0,1949.0,1935.0,0.5,0.5,0.5,,-0.0,0.0,0.0,0.0,0.0,0.0
19520,358.945068359375,0.0,2446.0,2058.0,2076.0,0.5,0.5,0.5,,-0.0,0.0,0.0,0.0,0.0,0.0
19524,358.945068359375,0.0,1991.0,1916.0,1869.0,0.5,0.5,0.5,,-0.0,0.0,0.0,0.0,0.0,0.0
19528,358.945068359375,0.0,2431.0,1949.0,1937.0,0.5,0.5,0.5,,-0.0,0.0,0.0,0.0,0.0,0.0
19532,358.945068359375,0.0,2438.0,2060.0,2078.0,0.5,0.5,0.5,,-0.0,0.0,0.0,0.0,0.0,0.0
19536,358.945068359375,0.0,1993.0,1928.0,1876.0,0.5,0.5,0.5,,-0.0,0.0,0.0,0.0,0.0,0.0
19540,358.945068359375,0.0,2210.0,1861.0,1732.0,0.5,0.5,0.5,,-0.0,0.0,0.0,0.0,0.0,0.0
19544,358.945068359375,0.0,2433.0,1949.0,1932.0,0.5,0.5,0.5,,-0.0,0.0,0.0,0.0,0.0,0.0
19548,358.945068359375,0.0,2437.0,2067.0,2082.0,0.5,0.5,0.5,,-0.0,0.0,0.0,0.0,0.0,0.0
19552,358.945068359375,0.0,2003.0,1920.0,1868.0,0.5,0.5,0.5,,-0.0,0.0,0.0,0.0,0.0,0.0
19556,358.945068359375,0.0,2437.0,1954.0,1942.0,0.5,0.5,0.5,,-0.0,0.0,0.0,0.0,0.0,0.0
19560,358.945068359375,0.0,2439.0,2062.0,2081.0,0.5,0.5,0.5,,-0.0,0.0,0.0,0.0,0.0,0.0
19564,358.945068359375,0.0,1996.0,1915.0,1867.0,0.5,0.5,0.5,,-0.0,0.0,0.0,0.0,0.0,0.0
19568,358.945068359375,0.0,2225.0,1867.0,1730.0,0.5,0.5,0.5,,-0.0,0.0,0.0,0.0,0.0,0.0
19572,358.945068359375,0.0,2439.0,1957.0,1946.0,0.5,0.5,0.5,,-0.0,0.0,0.0,0.0,0.0,0.0
19576,358.945068359375,0.0,2431.0,2060.0,2076.0,0.5,0.5,0.5,,-0.0,0.0,0.0,0.0,0.0,0.0
19580,358.945068359375,0.0,1992.0,1919.0,1871.0,0.5,0.5,0.5,,-0.0,0.0,0.0,0.0,0.0,0.0
19584,358.945068359375,0.0,2437.0,1957.0,1944.0,0.5,0.5,0.5,,-0.0,0.0,0.0,0.0,0.0,0.0
19588,358.945068359375,0.0,2437.0,2060.0,2081.0,0.5,0.5,0.5,,-0.0,0.0,0.0,0.0,0.0,0.0
19592,358.945068359375,0.0,2004.0,1918.0,1870.0,0.5,0.5,0.5,,-0.0,0.0,0.0,0.0,0.0,0.0
19596,358.945068359375,0.0,2206.0,1858.0,1725.0,0.5,0.5,0.5,,-0.0,0.0,0.0,0.0,0.0,0.0
19600,358.945068359375,0.0,2431.0,1945.0,1932.0,0.5,0.5,0.5,,-0.0,0.0,0.0,0.0,0.0,0.0
19604,358.945068359375,0.0,2444.0,2062.0,2081.0,0.5,0.5,0.5,,-0.0,0.0,0.0,0.0,0.0,0.0
19608,358.945068359375,0.0,2200.0,1859.0,1726.0,0.5,0.5,0.5,,-0.0,0.0,0.0,0.0,0.0,0.0
19612,358.945068359375,0.0,2428.0,1952.0,1932.0,0.5,0.5,0.5,,-0.0,0.0,0.0,0.0,0.0,0.0
19616,358.945068359375,0.0,2438.0,2060.0,2080.0,0.5,0.5,0.5,,-0.0,0.0,0.0,0.0,0.0,0.0
19620,358.945068359375,0.0,1990.0,1915.0,1870.0,0.5,0.5,0.5,,-0.0,0.0,0.0,0.0,0.0,0.0
19624,358.945068359375,0.0,2212.0,1862.0,1731.0,0.5,0.5,0.5,,-0.0,0.0,0.0,0.0,0.0,0.0
19628,358.945068359375,0.0,2423.0,1953.0,1940.0,0.5,0.5,0.5,,-0.0,0.0,0.0,0.0,0.0,0.0
19632,358.945068359375,0.0,2441.0,2058.0,2076.0,0.5,0.5,0.5,,-0.0,0.0,0.0,0.0,0.0,0.0
19636,358.945068359375,0.0,2205.0,1861.0,1728.0,0.5,0.5,0.5,,-0.0,0.0,0.0,0.0,0.0,0.0
19640,358.945068359375,0.0,2429.0,1953.0,1936.0,0.5,0.5,0.5,,-0.0,0.0,0.0,0.0,0.0,0.0
19644,358.945068359375,0.0,2427.0,2059.0,2075.0,0.5,0.5,0.5,,-0.0,0.0,0.0,0.0,0.0,0.0
19648,358.945068359375,0.0,1987.0,1919.0,1870.0,0.5,0.5,0.5,,-0.0,0.0,0.0,0.0,0.0,0.0
19652,358.945068359375,0.0,2198.0,1861.0,1729.0,0.5,0.5,0.5,,-0.0,0.0,0.0,0.0,0.0,0.0
19656,358.945068359375,0.0,2429.0,1950.0,1936.0,0.5,0.5,0.5,,-0.0,0.0,0.0,0.0,0.0,0.0
19660,358.945068359375,0.0,2444.0,2059.0,2081.0,0.5,0.5,0.5,,-0.0,0.0,0.0,0.0,0.0,0.0
19664,358.945068359375,0.0,2205.0,1859.0,1725.0,0.5,0.5,0.5,,-0.0,0.0,0.0,0.0,0.0,0.0
19668,358.945068359375,0.0,2428.0,1951.0,1938.0,0.5,0.5,0.5,,-0.0,0.0,0.0,0.0,0.0,0.0
19672,358.945068359375,0.0,2437.0,2062.0,2080.0,0.5,0.5,0.5,,-0.0,0.0,0.0,0.0,0.0,0.0
19676,358.945068359375,0.0,1997.0,1918.0,1872.0,0.5,0.5,0.5,,-0.0,0.0,0.0,0.0,0.0,0.0
19680,358.945068359375,0.0,2210.0,1862.0,1730.0,0.5,0.5,0.5,,-0.0,0.0,0.0,0.0,0.0,0.0
19684,358.945068359375,0.0,2434.0,1955.0,1944.0,0.5,0.5,0.5,,-0.0,0.0,0.0,0.0,0.0,0.0
19688,358.945068359375,0.0,2431.0,2061.0,2083.0,0.5,0.5,0.5,,-0.0,0.0,0.0,0.0,0.0,0.0
19692,358.945068359375,0.0,2221.0,1862.0,1730.0,0.5,0.5,0.5,,-0.0,0.0,0.0,0.0,0.0,0.0
19696,358.945068359375,0.0,2434.0,1952.0,1937.0,0.5,0.5,0.5,,-0.0,0.0,0.0,0.0,0.0,0.0
19700,358.945068359375,0.0,2436.0,2053.0,2072.0,0.5,0.5,0.5,,-0.0,0.0,0.0,0.0,0.0,0.0
19704,358.945068359375,0.0,2003.0,1918.0,1868.0,0.5,0.5,0.5,,-0.0,0.0,0.0,0.0,0.0,0.0
19708,358.945068359375,0.0,2211.0,1849.0,1721.0,0.5,0.5,0.5,,-0.0,0.0,0.0,0.0,0.0,0.0
19712,358.945068359375,0.0,2431.0,1952.0,1937.0,0.5,0.5,0.5,,-0.0,0.0,0.0,0.0,0.0,0.0
19716,358.945068359375,0.0,2443.0,2062.0,2078.0,0.5,0.5,0.5,,-0.0,0.0,0.0,0.0,0.0,0.0
19720,358.945068359375,0.0,2215.0,1862.0,1731.0,0.5,0.5,0.5,,-0.0,0.0,0.0,0.0,0.0,0.0
19724,358.945068359375,0.0,2432.0,1942.0,1934.0,0.5,0.5,0.5,,-0.0,0.0,0.0,0.0,0.0,0.0
19728,358.945068359375,0.0,2438.0,2058.0,2076.0,0.5,0.5,0.5,,-0.0,0.0,0.0,0.0,0.0,0.0
19732,358.945068359375,0.0,2001.0,1917.0,1868.0,0.5,0.5,0.5,,-0.0,0.0,0.0,0.0,0.0,0.0
19736,358.945068359375,0.0,2203.0,1861.0,1729.0,0.5,0.5,0.5,,-0.0,0.0,0.0,0.0,0.0,0.0
19740,358.945068359375,0.0,2427.0,1952.0,1937.0,0.5,0.5,0.5,,-0.0,0.0,0.0,0.0,0.0,0.0
19744,358.945068359375,0.0,2435.0,2061.0,2081.0,0.5,0.5,0.5,,-0.0,0.0,0.0,0.0,0.0,0.0
19748,358.945068359375,0.0,2194.0,1860.0,1726.0,0.5,0.5,0.5,,-0.0,0.0,0.0,0.0,0.0,0.0
19752,358.945068359375,0.0,2434.0,1953.0,1941.0,0.5,0.5,0.5,,-0.0,0.0,0.0,0.0,0.0,0.0
19756,358.945068359375,0.0,2444.0,2060.0,2077.0,0.5,0.5,0.5,,-0.0,0.0,0.0,0.0,0.0,0.0
19760,358.945068359375,0.0,2007.0,1914.0,1865.0,0.5,0.5,0.5,,-0.0,0.0,0.0,0.0,0.0,0.0
19764,358.945068359375,0.0,2208.0,1863.0,1732.0,0.5,0.5,0.5,,-0.0,0.0,0.0,0.0,0.0,0.0
19768,358.945068359375,0.0,2435.0,1942.0,1935.0,0.5,0.5,0.5,,-0.0,0.0,0.0,0.0,0.0,0.0
19772,358.945068359375,0.0,1997.0,1921.0,1872.0,0.5,0.5,0.5,,-0.0,0.0,0.0,0.0,0.0,0.0
19776,358.945068359375,0.0,2213.0,1862.0,1730.0,0.5,0.5,0.5,,-0.0,0.0,0.0,0.0,0.0,0.0
19780,358.945068359375,0.0,2421.0,1956.0,1939.0,0.5,0.5,0.5,,-0.0,0.0,0.0,0.0,0.0,0.0
19784,358.945068359375,0.0,2446.0,2060.0,2080.0,0.5,0.5,0.5,,-0.0,0.0,0.0,0.0,0.0,0.0
19788,358.945068359375,0.0,1989.0,1917.0,1868.0,0.5,0.5,0.5,,-0.0,0.0,0.0,0.0,0.0,0.0
19792,358.945068359375,0.0,2199.0,1856.0,1725.0,0.5,0.5,0.5,,-0.0,0.0,0.0,0.0,0.0,0.0
19796,358.945068359375,0.0,2438.0,1958.0,1947.0,0.5,0.5,0.5,,-0.0,0.0,0.0,0.0,0.0,0.0
19800,358.945068359375,0.0,2003.0,1918.0,1868.0,0.5,0.5,0.5,,-0.0,0.0,0.0,0.0,0.0,0.0
19804,358.945068359375,0.0,2209.0,1862.0,1730.0,0.5,0.5,0.5,,-0.0,0.0,0.0,0.0,0.0,0.0
19808,358.945068359375,0.0,2434.0,1952.0,1937.0,0.5,0.5,0.5,,-0.0,0.0,0.0,0.0,0.0,0.0
19812,358.945068359375,0.0,2437.0,2060.0,2075.0,0.5,0.5,0.5,,-0.0,0.0,0.0,0.0,0.0,0.0
19816,358.945068359375,0.0,1993.0,1915.0,1866.0,0.5,0.5,0.5,,-0.0,0.0,0.0,0.0,0.0,0.0
19820,358.945068359375,0.0,2212.0,1859.0,1728.0,0.5,0.5,0.5,,-0.0,0.0,0.0,0.0,0.0,0.0
19824,358.945068359375,0.0,2429.0,1954.0,1943.0,0.5,0.5,0.5,,-0.0,0.0,0.0,0.0,0.0,0.0
19828,358.945068359375,0.0,1991.0,1918.0,1867.0,0.5,0.5,0.5,,-0.0,0.0,0.0,0.0,0.0,0.0
19832,358.945068359375,0.0,2205.0,1849.0,1717.0,0.5,0.5,0.5,,-0.0,0.0,0.0,0.0,0.0,0.0
19836,358.945068359375,0.0,2430.0,1952.0,1937.0,0.5,0.5,0.5,,-0.0,0.0,0.0,0.0,0.0,0.0
19840,358.945068359375,0.0,2440.0,2072.0,2085.0,0.5,0.5,0.5,,-0.0,0.0,0.0,0.0,0.0,0.0
19844,358.945068359375,0.0,1990.0,1923.0,1871.0,0.5,0.5,0.5,,-0.0,0.0,0.0,0.0,0.0,0.0
19848,358.945068359375,0.0,2194.0,1859.0,1727.0,0.5,0.5,0.5,,-0.0,0.0,0.0,0.0,0.0,0.0
19852,358.945068359375,0.0,2426.0,1948.0,1933.0,0.5,0.5,0.5,,-0.0,0.0,0.0,0.0,0.0,0.0
19856,358.945068359375,0.0,1999.0,1917.0,1867.0,0.5,0.5,0.5,,-0.0,0.0,0.0,0.0,0.0,0.0
19860,358.945068359375,0.0,2194.0,1860.0,1729.0,0.5,0.5,0.5,,-0.0,0.0,0.0,0.0,0.0,0.0
19864,358.945068359375,0.0,2421.0,1952.0,1937.0,0.5,0.5,0.5,,-0.0,0.0,0.0,0.0,0.0,0.0
19868,358.945068359375,0.0,2438.0,2060.0,2078.0,0.5,0.5,0.5,,-0.0,0.0,0.0,0.0,0.0,0.0
19872,358.945068359375,0.0,1993.0,1915.0,1869.0,0.5,0.5,0.5,,-0.0,0.0,0.0,0.0,0.0,0.0
19876,358.945068359375,0.0,2208.0,1860.0,1726.0,0.5,0.5,0.5,,-0.0,0.0,0.0,0.0,0.0,0.0
19880,358.945068359375,0.0,2430.0,1947.0,1936.0,0.5,0.5,0.5,,-0.0,0.0,0.0,0.0,0.0,0.0
19884,358.945068359375,0.0,1993.0,1913.0,1867.0,0.5,0.5,0.5,,-0.0,0.0,0.0,0.0,0.0,0.0
19888,358.945068359375,0.0,2207.0,1859.0,1728.0,0.5,0.5,0.5,,-0.0,0.0,0.0,0.0,0.0,0.0
19892,358.945068359375,0.0,2430.0,1953.0,1939.0,0.5,0.5,0.5,,-0.0,0.0,0.0,0.0,0.0,0.0
19896,358.945068359375,0.0,2422.0,2059.0,2077.0,0.5,0.5,0.5,,-0.0,0.0,0.0,0.0,0.0,0.0
19900,358.945068359375,0.0,1996.0,1917.0,1870.0,0.5,0.5,0.5,,-0.0,0.0,0.0,0.0,0.0,0.0
19904,358.945068359375,0.0,2213.0,1861.0,1730.0,0.5,0.5,0.5,,-0.0,0.0,0.0,0.0,0.0,0.0
19908,358.945068359375,0.0,2421.0,1949.0,1934.0,0.5,0.5,0.5,,-0.0,0.0,0.0,0.0,0.0,0.0
19912,358.945068359375,0.0,1983.0,1918.0,1868.0,0.5,0.5,0.5,,-0.0,0.0,0.0,0.0,0.0,0.0
19916,358.945068359375,0.0,2199.0,1861.0,1730.0,0.5,0.5,0.5,,-0.0,0.0,0.0,0.0,0.0,0.0
19920,358.945068359375,0.0,2430.0,1950.0,1936.0,0.5,0.5,0.5,,-0.0,0.0,0.0,0.0,0.0,0.0
19924,358.945068359375,0.0,2436.0,2058.0,2076.0,0.5,0.5,0.5,,-0.0,0.0,0.0,0.0,0.0,0.0
19928,358.945068359375,0.0,1993.0,1921.0,1870.0,0.5,0.5,0.5,,-0.0,0.0,0.0,0.0,0.0,0.0
19932,358.945068359375,0.0,2225.0,1875.0,1738.0,0.5,0.5,0.5,,-0.0,0.0,0.0,0.0,0.0,0.0
19936,358.945068359375,0.0,2443.0,2060.0,2078.0,0.5,0.5,0.5,,-0.0,0.0,0.0,0.0,0.0,0.0
19940,358.945068359375,0.0,1992.0,1919.0,1866.0,0.5,0.5,0.5,,-0.0,0.0,0.0,0.0,0.0,0.0
19944,358.945068359375,0.0,2208.0,1860.0,1731.0,0.5,0.5,0.5,,-0.0,0.0,0.0,0.0,0.0,0.0
19948,358.945068359375,0.0,2426.0,1940.0,1932.0,0.5,0.5,0.5,,-0.0,0.0,0.0,0.0,0.0,0.0
19952,358.945068359375,0.0,2433.0,2058.0,2076.0,0.5,0.5,0.5,,-0.0,0.0,0.0,0.0,0.0,0.0
19956,358.945068359375,0.0,1998.0,1927.0,1873.0,0.5,0.5,0.5,,-0.0,0.0,0.0,0.0,0.0,0.0
19960,358.945068359375,0.0,2203.0,1860.0,1730.0,0.5,0.5,0.5,,-0.0,0.0,0.0,0.0,0.0,0.0
19964,358.945068359375,0.0,2432.0,2055.0,2075.0,0.5,0.5,0.5,,-0.0,0.0,0.0,0.0,0.0,0.0
19968,358.945068359375,0.0,1990.0,1917.0,1869.0,0.5,0.5,0.5,,-0.0,0.0,0.0,0.0,0.0,0.0
19972,358.945068359375,0.0,2194.0,1863.0,1734.0,0.5,0.5,0.5,,-0.0,0.0,0.0,0.0,0.0,0.0
19976,358.945068359375,0.0,2418.0,1946.0,1928.0,0.5,0.5,0.5,,-0.0,0.0,0.0,0.0,0.0,0.0
19980,358.945068359375,0.0,2453.0,2060.0,2074.0,0.5,0.5,0.5,,-0.0,0.0,0.0,0.0,0.0,0.0
19984,358.945068359375,0.0,1987.0,1920.0,1871.0,0.5,0.5,0.5,,-0.0,0.0,0.0,0.0,0.0,0.0
19988,358.945068359375,0.0,2207.0,1857.0,1725.0,0.5,0.5,0.5,,-0.0,0.0,0.0,0.0,0.0,0.0
19992,358.945068359375,0.0,2437.0,2064.0,2081.0,0.5,0.5,0.5,,-0.0,0.0,0.0,0.0,0.0,0.0
19996,358.945068359375,0.0,2005.0,1918.0,1868.0,0.5,0.5,0.5,,-0.0,0.0,0.0,0.0,0.0,0.0
20000,358.945068359375,0.0,2206.0,1861.0,1728.0,0.5,0.5,0.5,,-0.0,0.0,0.0,0.0,0.0,0.0
20004,358.945068359375,0.0,2426.0,1947.0,1933.0,0.5,0.5,0.5,,-0.0,0.0,0.0,0.0,0.0,0.0
20008,358.945068359375,0.0,2439.0,2060.0,2078.0,0.5,0.5,0.5,,-0.0,0.0,0.0,0.0,0.0,0.0
20012,358.945068359375,0.0,1998.0,1919.0,1869.0,0.5,0.5,0.5,,-0.0,0.0,0.0,0.0,0.0,0.0
20016,358.945068359375,0.0,2206.0,1863.0,1730.0,0.5,0.5,0.5,,-0.0,0.0,0.0,0.0,0.0,0.0
20020,358.945068359375,0.0,2445.0,2066.0,2080.0,0.5,0.5,0.5,,-0.0,0.0,0.0,0.0,0.0,0.0
20024,358.945068359375,0.0,1999.0,1916.0,1866.0,0.5,0.5,0.5,,-0.0,0.0,0.0,0.0,0.0,0.0
20028,358.945068359375,0.0,2215.0,1860.0,1730.0,0.5,0.5,0.5,,-0.0,0.0,0.0,0.0,0.0,0.0
20032,358.945068359375,0.0,2434.0,1952.0,1941.0,0.5,0.5,0.5,,-0.0,0.0,0.0,0.0,0.0,0.0
20036,358.945068359375,0.0,2434.0,2067.0,2083.0,0.5,0.5,0.5,,-0.0,0.0,0.0,0.0,0.0,0.0
20040,358.945068359375,0.0,1993.0,1918.0,1870.0,0.5,0.5,0.5,,-0.0,0.0,0.0,0.0,0.0,0.0
20044,358.945068359375,0.0,2207.0,1862.0,1730.0,0.5,0.5,0.5,,-0.0,0.0,0.0,0.0,0.0,0.0
20048,358.945068359375,0.0,2439.0,2060.0,2079.0,0.5,0.5,0.5,,-0.0,0.0,0.0,0.0,0.0,0.0
20856,355.1648254394531,-351.6845397949219,3062.0,1946.0,736.0,0.30120065808296204,0.3426884412765503,0.25611087679862976,,-0.0,3.117577314376831,0.0,0.0,0.0,0.0
20860,355.0769348144531,-175.78123474121094,3019.0,2070.0,860.0,0.2997608184814453,0.3434203565120697,0.2568188011646271,,-0.0,3.146376371383667,0.0,0.0,0.0,0.0
20864,354.989013671875,-175.84226989746094,2811.0,1934.0,534.0,0.2983211874961853,0.3441162705421448,0.2575625479221344,,-0.0,3.175175428390503,0.0,0.0,0.0,0.0
20868,354.8132019042969,-351.6235046386719,2994.0,2040.0,693.0,0.2968829274177551,0.34477558732032776,0.2583414912223816,,-0.0,3.203974485397339,0.0,0.0,0.0,0.0
20872,354.6373596191406,-351.6845397949219,2895.0,2165.0,812.0,0.2954472601413727,0.3453977704048157,0.2591549754142761,,-0.0,3.232773542404175,0.0,0.0,0.0,0.0
20876,354.3736267089844,-527.4658203125,3214.0,2090.0,614.0,0.29401537775993347,0.34598228335380554,0.2600023150444031,,-0.0,3.2615725994110107,0.0,0.0,0.0,0.0
20880,354.19781494140625,-351.6235046386719,2691.0,2083.0,474.0,0.292588472366333,0.34652867913246155,0.2608828544616699,,-0.0,3.2903716564178467,0.0,0.0,0.0,0.0
20884,353.9340515136719,-527.52685546875,2839.0,2193.0,627.0,0.291167676448822,0.3470364809036255,0.2617958188056946,,-0.0,3.3191707134246826,0.0,0.0,0.0,0.0
20888,353.6703186035156,-527.4658203125,2815.0,2313.0,752.0,0.2897542417049408,0.34750527143478394,0.26274046301841736,,-0.0,3.3479697704315186,0.0,0.0,0.0,0.0
20892,353.4945068359375,-351.6235046386719,2657.0,2169.0,443.0,0.2883492708206177,0.34793469309806824,0.2637160122394562,,-0.0,3.3767688274383545,0.0,0.0,0.0,0.0
20896,353.4065856933594,-175.84226989746094,2797.0,2263.0,617.0,0.28695398569107056,0.34832432866096497,0.26472166180610657,,-0.0,3.4055678844451904,0.0,0.0,0.0,0.0
20900,353.3186950683594,-175.78123474121094,2742.0,2398.0,746.0,0.28556951880455017,0.34867390990257263,0.2657565772533417,,-0.0,3.4343669414520264,0.0,0.0,0.0,0.0
20904,353.23077392578125,-175.84226989746094,3146.0,2308.0,560.0,0.28419703245162964,0.34898310899734497,0.26681986451148987,,-0.0,3.4631659984588623,0.0,0.0,0.0,0.0
20908,352.967041015625,-527.4658203125,2673.0,2297.0,425.0,0.2828376293182373,0.3492516875267029,0.2679106891155243,,-0.0,3.4919650554656982,0.0,0.0,0.0,0.0
20912,352.6153869628906,-703.3080444335938,2600.0,2422.0,586.0,0.2814924418926239,0.34947943687438965,0.2690281271934509,,-0.0,3.520764112472534,0.0,0.0,0.0,0.0
20916,352.26373291015625,-703.3080444335938,2642.0,2550.0,710.0,0.28016263246536255,0.34966611862182617,0.27017122507095337,,-0.0,3.54956316947937,0.0,0.0,0.0,0.0
20920,352.0879211425781,-351.6235046386719,2612.0,2426.0,408.0,0.2788492739200592,0.3498116433620453,0.27133908867836,,-0.0,3.578362226486206,0.0,0.0,0.0,0.0
20924,351.9120788574219,-351.6845397949219,2465.0,2520.0,565.0,0.2775534391403198,0.34991583228111267,0.2725307047367096,,-0.0,3.607161283493042,0.0,0.0,0.0,0.0
20928,351.6483459472656,-527.4658203125,2515.0,2664.0,705.0,0.27627623081207275,0.34997862577438354,0.2737451195716858,,-0.0,3.635960340499878,0.0,0.0,0.0,0.0
20932,351.29669189453125,-703.3080444335938,2996.0,2578.0,528.0,0.27501872181892395,0.3499999940395355,0.274981290102005,,-0.0,3.664759397506714,0.0,0.0,0.0,0.0
20936,351.032958984375,-527.4658203125,2655.0,2565.0,394.0,0.2737818956375122,0.34997987747192383,0.27623820304870605,,-0.0,3.69355845451355,0.0,0.0,0.0,0.0
20940,350.76922607421875,-527.4658203125,2303.0,2674.0,565.0,0.2725668251514435,0.34991833567619324,0.27751484513282776,,-0.0,3.7223575115203857,0.0,0.0,0.0,0.0
20944,350.5934143066406,-351.6235046386719,2360.0,2812.0,704.0,0.27137449383735657,0.34981536865234375,0.2788101136684418,,-0.0,3.7511565685272217,0.0,0.0,0.0,0.0
20948,350.3296813964844,-527.4658203125,2629.0,2674.0,398.0,0.27020591497421265,0.3496710956096649,0.2801229953765869,,-0.0,3.7799556255340576,0.0,0.0,0.0,0.0
20952,349.97802734375,-703.3080444335938,2201.0,2783.0,573.0,0.2690620422363281,0.3494856357574463,0.28145232796669006,,-0.0,3.8087546825408936,0.0,0.0,0.0,0.0
20956,349.6263732910156,-703.3080444335938,2195.0,2922.0,717.0,0.2679438292980194,0.3492591083049774,0.28279703855514526,,-0.0,3.8375537395477295,0.0,0.0,0.0,0.0
20960,349.27471923828125,-703.3080444335938,2837.0,2834.0,545.0,0.2668522000312805,0.3489917516708374,0.28415602445602417,,-0.0,3.8663527965545654,0.0,0.0,0.0,0.0
20964,349.010986328125,-527.4658203125,2440.0,2820.0,424.0,0.26578807830810547,0.34868377447128296,0.28552815318107605,,-0.0,3.8951518535614014,0.0,0.0,0.0,0.0
20968,348.74725341796875,-527.4658203125,2087.0,2916.0,608.0,0.2647522985935211,0.3483354151248932,0.28691229224205017,,-0.0,3.9239509105682373,0.0,0.0,0.0,0.0
20972,348.4835205078125,-527.4658203125,1963.0,3055.0,755.0,0.2637457549571991,0.34794697165489197,0.2883072793483734,,-0.0,3.9527499675750732,0.0,0.0,0.0,0.0
20976,348.21978759765625,-527.4658203125,2356.0,2896.0,444.0,0.26276931166648865,0.3475187420845032,0.28971195220947266,,-0.0,3.981549024581909,0.0,0.0,0.0,0.0
20980,347.9560546875,-527.4658203125,2003.0,2980.0,618.0,0.26182371377944946,0.34705111384391785,0.29112517833709717,,-0.0,4.010348320007324,0.0,0.0,0.0,0.0
20984,347.8681335449219,-175.84226989746094,1890.0,3116.0,771.0,0.260909765958786,0.346544474363327,0.29254576563835144,,-0.0,4.03914737701416,0.0,0.0,0.0,0.0
20988,347.78021240234375,-175.84226989746094,2699.0,3004.0,596.0,0.26002827286720276,0.34599924087524414,0.29397252202033997,,-0.0,4.067946434020996,0.0,0.0,0.0,0.0
20992,347.69232177734375,-175.78123474121094,2275.0,2973.0,485.0,0.25917989015579224,0.3454158306121826,0.29540425539016724,,-0.0,4.096745491027832,0.0,0.0,0.0,0.0
20996,347.3406677246094,-703.3080444335938,1914.0,3064.0,675.0,0.2583653926849365,0.34479478001594543,0.2968398332595825,,-0.0,4.125544548034668,0.0,0.0,0.0,0.0
21000,346.989013671875,-703.3080444335938,2625.0,3075.0,652.0,0.25758540630340576,0.3441365659236908,0.29827800393104553,,-0.0,4.154343605041504,0.0,0.0,0.0,0.0
21004,346.6373596191406,-703.3080444335938,2112.0,3044.0,541.0,0.25684061646461487,0.34344178438186646,0.29971763491630554,,-0.0,4.18314266204834,0.0,0.0,0.0,0.0
21008,346.4615478515625,-351.6235046386719,1851.0,3123.0,728.0,0.2561315894126892,0.342710942029953,0.30115747451782227,,-0.0,4.211941719055176,0.0,0.0,0.0,0.0
21012,346.28570556640625,-351.6845397949219,1639.0,3249.0,890.0,0.2554589807987213,0.3419446647167206,0.3025963604450226,,-0.0,4.240740776062012,0.0,0.0,0.0,0.0
21016,346.19781494140625,-175.78123474121094,2637.0,3136.0,717.0,0.2548232674598694,0.3411436378955841,0.304033100605011,,-0.0,4.269539833068848,0.0,0.0,0.0,0.0
21020,346.02197265625,-351.6845397949219,2080.0,3093.0,606.0,0.2542250454425812,0.34030845761299133,0.3054664731025696,,-0.0,4.298338890075684,0.0,0.0,0.0,0.0
21024,345.9340515136719,-175.84226989746094,1858.0,3179.0,812.0,0.2536647915840149,0.33943986892700195,0.30689534544944763,,-0.0,4.3271379470825195,0.0,0.0,0.0,0.0
21028,345.75823974609375,-351.6235046386719,2758.0,3163.0,780.0,0.25314295291900635,0.3385385572910309,0.30831849575042725,,-0.0,4.3559370040893555,0.0,0.0,0.0,0.0
21032,345.4065856933594,-703.3080444335938,2201.0,3126.0,677.0,0.25265997648239136,0.3376052975654602,0.3097347319126129,,-0.0,4.384736061096191,0.0,0.0,0.0,0.0
21036,345.1428527832031,-527.4658203125,2118.0,3208.0,876.0,0.25221627950668335,0.3366408348083496,0.3111428916454315,,-0.0,4.413535118103027,0.0,0.0,0.0,0.0
21040,344.79119873046875,-703.3080444335938,2053.0,3355.0,1070.0,0.2518121898174286,0.33564600348472595,0.31254181265830994,,-0.0,4.442334175109863,0.0,0.0,0.0,0.0
21044,344.6153869628906,-351.6235046386719,2313.0,3228.0,905.0,0.2514480650424957,0.3346216082572937,0.31393033266067505,,-0.0,4.471133232116699,0.0,0.0,0.0,0.0
21048,344.3516540527344,-527.4658203125,2098.0,3190.0,805.0,0.25112420320510864,0.3335684835910797,0.3153073191642761,,-0.0,4.499932289123535,0.0,0.0,0.0,0.0
21052,344.1758117675781,-351.6845397949219,1685.0,3278.0,1028.0,0.2508408725261688,0.3324875235557556,0.31667158007621765,,-0.0,4.528731346130371,0.0,0.0,0.0,0.0
21056,344.0,-351.6235046386719,2262.0,3255.0,998.0,0.25059834122657776,0.33137965202331543,0.3180220425128937,,-0.0,4.557530403137207,0.0,0.0,0.0,0.0
21060,343.6483459472656,-703.3080444335938,1854.0,3214.0,901.0,0.2503967583179474,0.3302457332611084,0.3193575441837311,,-0.0,4.586329460144043,0.0,0.0,0.0,0.0
21064,343.4725341796875,-351.6235046386719,1555.0,3282.0,1117.0,0.25023630261421204,0.3290867209434509,0.3206769824028015,,-0.0,4.615128517150879,0.0,0.0,0.0,0.0
21068,343.20880126953125,-527.4658203125,1229.0,3401.0,1301.0,0.25011712312698364,0.3279035985469818,0.321979284286499,,-0.0,4.643927574157715,0.0,0.0,0.0,0.0
21072,342.945068359375,-527.4658203125,2405.0,3265.0,1141.0,0.25003930926322937,0.32669731974601746,0.32326334714889526,,-0.0,4.672726631164551,0.0,0.0,0.0,0.0
21076,342.76922607421875,-351.6845397949219,1829.0,3216.0,1046.0,0.2500029504299164,0.32546889781951904,0.32452815771102905,,-0.0,4.701525688171387,0.0,0.0,0.0,0.0
21080,342.5054931640625,-527.4658203125,1459.0,3292.0,1293.0,0.2500080466270447,0.32421937584877014,0.32577258348464966,,-0.0,4.730324745178223,0.0,0.0,0.0,0.0
21084,342.1538391113281,-703.3080444335938,2314.0,3276.0,1270.0,0.25005459785461426,0.32294976711273193,0.3269956409931183,,-0.0,4.759123802185059,0.0,0.0,0.0,0.0
21088,341.80218505859375,-703.3080444335938,1945.0,3222.0,1176.0,0.25014257431030273,0.321661114692688,0.32819631695747375,,-0.0,4.7879228591918945,0.0,0.0,0.0,0.0
21092,341.5384521484375,-527.4658203125,1383.0,3287.0,1408.0,0.25027188658714294,0.32035449147224426,0.32937362790107727,,-0.0,4.8167219161987305,0.0,0.0,0.0,0.0
21096,341.27471923828125,-527.4658203125,1391.0,3400.0,1598.0,0.2504424452781677,0.3190310001373291,0.33052656054496765,,-0.0,4.845520973205566,0.0,0.0,0.0,0.0
21100,341.010986328125,-527.4658203125,1993.0,3275.0,1437.0,0.25065410137176514,0.31769174337387085,0.3316541612148285,,-0.0,4.874320030212402,0.0,0.0,0.0,0.0
21104,340.74725341796875,-527.4658203125,1993.0,3213.0,1337.0,0.25090670585632324,0.31633779406547546,0.33275553584098816,,-0.0,4.903119087219238,0.0,0.0,0.0,0.0
21108,340.3955993652344,-703.3080444335938,1415.0,3276.0,1577.0,0.25119999051094055,0.3149702847003937,0.33382973074913025,,-0.0,4.931918144226074,0.0,0.0,0.0,0.0
21112,340.21978759765625,-351.6235046386719,1987.0,3248.0,1554.0,0.25153377652168274,0.3135903775691986,0.3348758816719055,,-0.0,4.96071720123291,0.0,0.0,0.0,0.0
21116,339.8681335449219,-703.3080444335938,1901.0,3186.0,1454.0,0.25190773606300354,0.3121991753578186,0.33589309453964233,,-0.0,4.989516258239746,0.0,0.0,0.0,0.0
21120,339.6044006347656,-527.4658203125,1624.0,3240.0,1693.0,0.2523215711116791,0.31079787015914917,0.33688053488731384,,-0.0,5.018315315246582,0.0,0.0,0.0,0.0
21124,339.3406677246094,-527.4658203125,1243.0,3345.0,1877.0,0.2527749836444855,0.3093876242637634,0.3378373980522156,,-0.0,5.047114372253418,0.0,0.0,0.0,0.0
21128,339.0769348144531,-527.4658203125,2073.0,3193.0,1707.0,0.2532675266265869,0.3079695701599121,0.33876290917396545,,-0.0,5.075913429260254,0.0,0.0,0.0,0.0
21132,338.72528076171875,-703.3080444335938,1894.0,3132.0,1609.0,0.25379884243011475,0.3065449297428131,0.3396562337875366,,-0.0,5.10471248626709,0.0,0.0,0.0,0.0
21136,338.3736267089844,-703.3080444335938,1347.0,3181.0,1856.0,0.25436848402023315,0.30511486530303955,0.34051668643951416,,-0.0,5.133511543273926,0.0,0.0,0.0,0.0
21140,338.02197265625,-703.3080444335938,2001.0,3150.0,1828.0,0.25497594475746155,0.30368053913116455,0.3413435220718384,,-0.0,5.162310600280762,0.0,0.0,0.0,0.0
21144,337.75823974609375,-527.4658203125,1813.0,3087.0,1719.0,0.2556207478046417,0.3022431433200836,0.34213608503341675,,-0.0,5.191109657287598,0.0,0.0,0.0,0.0
21148,337.4945068359375,-527.4658203125,1336.0,3136.0,1949.0,0.2563023567199707,0.30080392956733704,0.34289371967315674,,-0.0,5.219908714294434,0.0,0.0,0.0,0.0
21152,337.23077392578125,-527.4658203125,973.0,3242.0,2130.0,0.2570202350616455,0.29936403036117554,0.3436157703399658,,-0.0,5.2487077713012695,0.0,0.0,0.0,0.0
21156,337.1428527832031,-175.84226989746094,1914.0,3095.0,1949.0,0.2577737271785736,0.29792463779449463,0.34430164098739624,,-0.0,5.2775068283081055,0.0,0.0,0.0,0.0
21160,337.054931640625,-175.84226989746094,1748.0,3032.0,1840.0,0.25856223702430725,0.2964870035648346,0.34495076537132263,,-0.0,5.306305885314941,0.0,0.0,0.0,0.0
21164,336.79119873046875,-527.4658203125,939.0,3197.0,2232.0,0.2593851387500763,0.29505226016044617,0.345562607049942,,-0.0,5.335104942321777,0.0,0.0,0.0,0.0
21168,336.4395751953125,-703.2470092773438,1822.0,3037.0,2056.0,0.26024168729782104,0.29362162947654724,0.3461366891860962,,-0.0,5.363903999328613,0.0,0.0,0.0,0.0
21172,336.0879211425781,-703.3080444335938,1709.0,2960.0,1958.0,0.261131227016449,0.29219627380371094,0.3466724753379822,,-0.0,5.392703056335449,0.0,0.0,0.0,0.0
21176,335.8241882324219,-527.4658203125,1338.0,2998.0,2198.0,0.2620530128479004,0.29077738523483276,0.34716957807540894,,-0.0,5.421502113342285,0.0,0.0,0.0,0.0
21180,335.6483459472656,-351.6845397949219,983.0,3094.0,2374.0,0.2630062699317932,0.2893661856651306,0.34762758016586304,,-0.0,5.450301170349121,0.0,0.0,0.0,0.0
21184,335.3846130371094,-527.4658203125,1710.0,2953.0,2181.0,0.263990193605423,0.28796377778053284,0.34804603457450867,,-0.0,5.479100227355957,0.0,0.0,0.0,0.0
21188,335.29669189453125,-175.84226989746094,1693.0,2874.0,2065.0,0.2650039792060852,0.28657135367393494,0.34842467308044434,,-0.0,5.507899284362793,0.0,0.0,0.0,0.0
21192,335.20880126953125,-175.78123474121094,1012.0,3024.0,2448.0,0.26604679226875305,0.28519004583358765,0.3487631678581238,,-0.0,5.536698341369629,0.0,0.0,0.0,0.0
21196,335.032958984375,-351.6845397949219,1731.0,2877.0,2269.0,0.26711776852607727,0.2838210463523865,0.34906119108200073,,-0.0,5.565497398376465,0.0,0.0,0.0,0.0
21200,334.76922607421875,-527.4658203125,1695.0,2792.0,2176.0,0.26821601390838623,0.28246545791625977,0.3493185341358185,,-0.0,5.594296455383301,0.0,0.0,0.0,0.0
21204,334.4175720214844,-703.3080444335938,1323.0,2822.0,2418.0,0.2693406045436859,0.28112441301345825,0.3495349884033203,,-0.0,5.623095512390137,0.0,0.0,0.0,0.0
21208,334.1538391113281,-527.4658203125,1017.0,2888.0,2605.0,0.2704906463623047,0.2797990143299103,0.3497103452682495,,-0.0,5.651894569396973,0.0,0.0,0.0,0.0
21212,334.0659484863281,-175.78123474121094,1676.0,2732.0,2432.0,0.27166515588760376,0.2784903943538666,0.34984448552131653,,-0.0,5.680693626403809,0.0,0.0,0.0,0.0
21216,333.8901062011719,-351.6845397949219,1683.0,2648.0,2328.0,0.27286314964294434,0.2771995961666107,0.3499372899532318,,-0.0,5.7094926834106445,0.0,0.0,0.0,0.0
21220,333.6263732910156,-527.4658203125,1026.0,2787.0,2713.0,0.2740836441516876,0.27592769265174866,0.3499886691570282,,-0.0,5.7382917404174805,0.0,0.0,0.0,0.0
21224,333.3626403808594,-527.4658203125,1679.0,2629.0,2537.0,0.2753256559371948,0.27467575669288635,0.3499985933303833,,-0.0,5.767090797424316,0.0,0.0,0.0,0.0
21228,333.1867980957031,-351.6845397949219,1696.0,2536.0,2442.0,0.27658811211586,0.2734448313713074,0.3499670624732971,,-0.0,5.795889854431152,0.0,0.0,0.0,0.0
21232,333.010986328125,-351.6235046386719,1298.0,2568.0,2675.0,0.2778699994087219,0.2722359299659729,0.34989407658576965,,-0.0,5.824688911437988,0.0,0.0,0.0,0.0
21236,332.8351745605469,-351.6235046386719,1018.0,2640.0,2857.0,0.2791702151298523,0.2710500657558441,0.34977972507476807,,-0.0,5.853487968444824,0.0,0.0,0.0,0.0
21240,332.5714416503906,-527.4658203125,1696.0,2471.0,2683.0,0.28048771619796753,0.2698881924152374,0.3496240973472595,,-0.0,5.88228702545166,0.0,0.0,0.0,0.0
21244,332.30767822265625,-527.52685546875,1707.0,2380.0,2580.0,0.2818213999271393,0.2687512934207916,0.3494272828102112,,-0.0,5.911086082458496,0.0,0.0,0.0,0.0
21248,332.1318664550781,-351.6235046386719,1036.0,2518.0,2963.0,0.2831701636314392,0.2676403224468231,0.34918951988220215,,-0.0,5.939885139465332,0.0,0.0,0.0,0.0
21252,332.0439453125,-175.84226989746094,1702.0,2352.0,2780.0,0.28453290462493896,0.26655617356300354,0.348910927772522,,-0.0,5.968684196472168,0.0,0.0,0.0,0.0
21256,331.78021240234375,-527.4658203125,1731.0,2262.0,2674.0,0.28590843081474304,0.2654997706413269,0.34859177470207214,,-0.0,5.997483253479004,0.0,0.0,0.0,0.0
21260,331.69232177734375,-175.78123474121094,1373.0,2285.0,2889.0,0.2872956693172455,0.26447197794914246,0.34823232889175415,,-0.0,6.02628231048584,0.0,0.0,0.0,0.0
21264,331.4285583496094,-527.52685546875,1046.0,2370.0,3076.0,0.28869345784187317,0.26347362995147705,0.34783288836479187,,-0.0,6.055081367492676,0.0,0.0,0.0,0.0
21268,331.25274658203125,-351.6235046386719,1739.0,2228.0,2877.0,0.2901006042957306,0.26250559091567993,0.34739378094673157,,-0.0,6.083880424499512,0.0,0.0,0.0,0.0
21272,331.1648254394531,-175.84226989746094,1759.0,2162.0,2762.0,0.29151594638824463,0.26156866550445557,0.3469153642654419,,-0.0,6.112679481506348,0.0,0.0,0.0,0.0
21276,331.1648254394531,0.0,1063.0,2304.0,3132.0,0.29293835163116455,0.26066359877586365,0.3463980555534363,,-0.0,6.141478538513184,0.0,0.0,0.0,0.0
21280,331.0769348144531,-175.78123474121094,1822.0,2140.0,2925.0,0.29436659812927246,0.25979113578796387,0.34584224224090576,,-0.0,6.1702775955200195,0.0,0.0,0.0,0.0
21284,330.9010925292969,-351.6845397949219,1785.0,2050.0,2818.0,0.29579952359199524,0.2589520514011383,0.34524843096733093,,-0.0,6.1990766525268555,0.0,0.0,0.0,0.0
21288,330.5494384765625,-703.3080444335938,1280.0,2076.0,3046.0,0.2972359359264374,0.2581469714641571,0.3446170687675476,,-0.0,6.227875709533691,0.0,0.0,0.0,0.0
21292,330.3736267089844,-351.6235046386719,1000.0,2140.0,3218.0,0.29867464303970337,0.25737664103507996,0.34394872188568115,,-0.0,6.256674766540527,0.0,0.0,0.0,0.0
21296,330.19781494140625,-351.6235046386719,1949.0,1976.0,3010.0,0.3001144230365753,0.2566416263580322,0.34324392676353455,,-0.0,6.285473823547363,0.0,0.0,0.0,0.0
21300,330.1098937988281,-175.84226989746094,1659.0,1899.0,2895.0,0.3015541136264801,0.25594258308410645,0.34250327944755554,,-0.0,6.314272880554199,0.0,0.0,0.0,0.0
21304,329.9340515136719,-351.6845397949219,1001.0,2046.0,3263.0,0.3029925525188446,0.255280077457428,0.3417273461818695,,-0.0,6.343071937561035,0.0,0.0,0.0,0.0
21308,329.75823974609375,-351.6235046386719,2017.0,1870.0,3040.0,0.30442848801612854,0.2546546757221222,0.34091684222221375,,-0.0,6.371870994567871,0.0,0.0,0.0,0.0
21312,329.6703186035156,-175.84226989746094,1901.0,1803.0,2930.0,0.3058607280254364,0.2540668547153473,0.3400723934173584,,-0.0,6.400670051574707,0.0,0.0,0.0,0.0
21316,329.4945068359375,-351.6235046386719,1550.0,1835.0,3136.0,0.30728814005851746,0.25351715087890625,0.33919471502304077,,-0.0,6.429469108581543,0.0,0.0,0.0,0.0
21320,329.3186950683594,-351.6235046386719,1324.0,1906.0,3312.0,0.3087094724178314,0.2530059814453125,0.33828452229499817,,-0.0,6.458268165588379,0.0,0.0,0.0,0.0
21324,329.054931640625,-527.52685546875,1847.0,1726.0,3096.0,0.31012362241744995,0.25253379344940186,0.33734259009361267,,-0.0,6.487067222595215,0.0,0.0,0.0,0.0
21328,328.8791198730469,-351.6235046386719,1626.0,1708.0,3173.0,0.31152936816215515,0.25210094451904297,0.33636969327926636,,-0.0,6.515866279602051,0.0,0.0,0.0,0.0
21332,328.6153869628906,-527.4658203125,1542.0,1781.0,3353.0,0.3129255175590515,0.25170785188674927,0.3353666067123413,,-0.0,6.544665336608887,0.0,0.0,0.0,0.0
21336,328.3516540527344,-527.4658203125,2028.0,1613.0,3136.0,0.3143109679222107,0.25135478377342224,0.33433419466018677,,-0.0,6.573464393615723,0.0,0.0,0.0,0.0
21340,328.0879211425781,-527.4658203125,1952.0,1526.0,3008.0,0.31568455696105957,0.25104206800460815,0.333273321390152,,-0.0,6.602263450622559,0.0,0.0,0.0,0.0
21344,327.73626708984375,-703.3080444335938,1569.0,1555.0,3226.0,0.3170451521873474,0.2507699728012085,0.3321848511695862,,-0.0,6.6310625076293945,0.0,0.0,0.0,0.0
21348,327.4725341796875,-527.4658203125,1429.0,1616.0,3386.0,0.3183915913105011,0.2505386769771576,0.3310697078704834,,-0.0,6.6598615646362305,0.0,0.0,0.0,0.0
21352,327.20880126953125,-527.4658203125,2589.0,1448.0,3162.0,0.3197227716445923,0.25034841895103455,0.32992878556251526,,-0.0,6.688660621643066,0.0,0.0,0.0,0.0
21356,326.945068359375,-527.4658203125,1423.0,1448.0,3242.0,0.321037620306015,0.2501993477344513,0.32876303791999817,,-0.0,6.717459678649902,0.0,0.0,0.0,0.0
21360,326.5934143066406,-703.3080444335938,1213.0,1494.0,3398.0,0.32233500480651855,0.250091552734375,0.32757341861724854,,-0.0,6.746258735656738,0.0,0.0,0.0,0.0
21364,326.3296813964844,-527.4658203125,2547.0,1326.0,3170.0,0.32361385226249695,0.2500251531600952,0.32636094093322754,,-0.0,6.775057792663574,0.0,0.0,0.0,0.0
21368,325.97802734375,-703.3080444335938,2289.0,1256.0,3042.0,0.324873149394989,0.2500002086162567,0.32512661814689636,,-0.0,6.80385684967041,0.0,0.0,0.0,0.0
21372,325.71429443359375,-527.4658203125,2261.0,1258.0,3250.0,0.3261117935180664,0.2500167489051819,0.3238714635372162,,-0.0,6.832655906677246,0.0,0.0,0.0,0.0
21376,325.3626403808594,-703.3080444335938,1682.0,1316.0,3399.0,0.32732880115509033,0.25007471442222595,0.3225964903831482,,-0.0,6.861454963684082,0.0,0.0,0.0,0.0
21380,324.9230651855469,-879.1503295898438,2047.0,1144.0,3170.0,0.3285231292247772,0.25017407536506653,0.32130277156829834,,-0.0,6.890254020690918,0.0,0.0,0.0,0.0
21384,324.4835205078125,-879.0892944335938,2557.0,1114.0,3232.0,0.3296937942504883,0.25031477212905884,0.31999140977859497,,-0.0,6.919053077697754,0.0,0.0,0.0,0.0
21388,324.30767822265625,-351.6845397949219,1763.0,1179.0,3393.0,0.3308398425579071,0.25049668550491333,0.31866344809532166,,-0.0,6.94785213470459,0.0,0.0,0.0,0.0
21392,324.0439453125,-527.4658203125,2116.0,1028.0,3164.0,0.3319603204727173,0.2507196366786957,0.3173200190067291,,-0.0,6.976651191711426,0.0,0.0,0.0,0.0
21396,323.78021240234375,-527.4658203125,2479.0,946.0,3020.0,0.3330543041229248,0.25098347663879395,0.3159622251987457,,-0.0,7.005450248718262,0.0,0.0,0.0,0.0
21400,323.4285583496094,-703.3080444335938,2870.0,987.0,3211.0,0.33412083983421326,0.25128793716430664,0.3145911991596222,,-0.0,7.034249305725098,0.0,0.0,0.0,0.0
21404,323.1648254394531,-527.4658203125,1861.0,1046.0,3360.0,0.3351590931415558,0.25163280963897705,0.31320804357528687,,-0.0,7.063048362731934,0.0,0.0,0.0,0.0
21408,322.9010925292969,-527.4658203125,2129.0,891.0,3124.0,0.33616819977760315,0.2520177960395813,0.31181395053863525,,-0.0,7.0918474197387695,0.0,0.0,0.0,0.0
21412,322.72528076171875,-351.6235046386719,2959.0,879.0,3176.0,0.3371472954750061,0.2524425983428955,0.3104100823402405,,-0.0,7.1206464767456055,0.0,0.0,0.0,0.0
21416,322.4615478515625,-527.4658203125,1935.0,960.0,3324.0,0.33809560537338257,0.25290679931640625,0.30899757146835327,,-0.0,7.149445533752441,0.0,0.0,0.0,0.0
21420,322.19781494140625,-527.4658203125,2418.0,810.0,3083.0,0.3390123248100281,0.25341010093688965,0.30757758021354675,,-0.0,7.178244590759277,0.0,0.0,0.0,0.0
21424,321.9340515136719,-527.52685546875,2957.0,752.0,2941.0,0.33989664912223816,0.2539519965648651,0.30615130066871643,,-0.0,7.207043647766113,0.0,0.0,0.0,0.0
21428,321.6703186035156,-527.4658203125,2956.0,772.0,3114.0,0.3407479226589203,0.2545320987701416,0.3047199547290802,,-0.0,7.235842704772949,0.0,0.0,0.0,0.0
21432,321.4945068359375,-351.6235046386719,1911.0,845.0,3258.0,0.34156540036201477,0.2551499307155609,0.3032846748828888,,-0.0,7.264641761779785,0.0,0.0,0.0,0.0
21436,321.3186950683594,-351.6235046386719,2397.0,721.0,3027.0,0.3423483967781067,0.2558049261569977,0.3018466532230377,,-0.0,7.293440818786621,0.0,0.0,0.0,0.0
21440,321.054931640625,-527.52685546875,2964.0,714.0,3068.0,0.3430962562561035,0.2564965784549713,0.3004071116447449,,-0.0,7.322239875793457,0.0,0.0,0.0,0.0
21444,321.054931640625,0.0,2096.0,818.0,3220.0,0.3438084125518799,0.25722432136535645,0.29896724224090576,,-0.0,7.351038932800293,0.0,0.0,0.0,0.0
21448,320.8791198730469,-351.6235046386719,2285.0,672.0,2977.0,0.34448421001434326,0.2579875588417053,0.2975282371044159,,-0.0,7.379837989807129,0.0,0.0,0.0,0.0
21452,320.70330810546875,-351.6235046386719,2810.0,615.0,2830.0,0.3451231122016907,0.258785605430603,0.2960912585258484,,-0.0,7.408637046813965,0.0,0.0,0.0,0.0
21456,320.4395751953125,-527.4658203125,3079.0,656.0,2993.0,0.34572461247444153,0.2596178352832794,0.29465752840042114,,-0.0,7.437436103820801,0.0,0.0,0.0,0.0
21460,320.1758117675781,-527.52685546875,2496.0,739.0,3136.0,0.34628817439079285,0.2604835629463196,0.29322823882102966,,-0.0,7.466235160827637,0.0,0.0,0.0,0.0
21464,319.9120788574219,-527.4658203125,2249.0,606.0,2891.0,0.3468133509159088,0.2613820731639862,0.29180455207824707,,-0.0,7.495034217834473,0.0,0.0,0.0,0.0
21468,319.73626708984375,-351.6235046386719,3158.0,608.0,2918.0,0.347299724817276,0.2623125910758972,0.29038766026496887,,-0.0,7.523833274841309,0.0,0.0,0.0,0.0
21472,319.4725341796875,-527.4658203125,2677.0,698.0,3060.0,0.3477468490600586,0.2632743716239929,0.2889787554740906,,-0.0,7.5526323318481445,0.0,0.0,0.0,0.0
21476,319.29669189453125,-351.6845397949219,2325.0,591.0,2831.0,0.34815436601638794,0.26426661014556885,0.2875789999961853,,-0.0,7.5814313888549805,0.0,0.0,0.0,0.0
21480,319.20880126953125,-175.78123474121094,2858.0,537.0,2674.0,0.34852197766304016,0.26528847217559814,0.2861895263195038,,-0.0,7.610230445861816,0.0,0.0,0.0,0.0
21484,319.20880126953125,0.0,3225.0,588.0,2828.0,0.3488493263721466,0.26633915305137634,0.28481149673461914,,-0.0,7.639029502868652,0.0,0.0,0.0,0.0
21488,319.032958984375,-351.6845397949219,2689.0,684.0,2966.0,0.3491361737251282,0.2674177289009094,0.2834460735321045,,-0.0,7.667828559875488,0.0,0.0,0.0,0.0
21492,318.76922607421875,-527.4658203125,2873.0,515.0,2594.0,0.34938228130340576,0.26852330565452576,0.28209438920021057,,-0.0,7.696627616882324,0.0,0.0,0.0,0.0
21496,318.4175720214844,-703.3080444335938,3299.0,569.0,2741.0,0.34958741068840027,0.2696550190448761,0.2807575464248657,,-0.0,7.72542667388916,0.0,0.0,0.0,0.0
21500,318.1538391113281,-527.4658203125,2874.0,660.0,2862.0,0.34975141286849976,0.27081188559532166,0.2794366478919983,,-0.0,7.754225730895996,0.0,0.0,0.0,0.0
21504,317.97802734375,-351.6235046386719,2495.0,544.0,2624.0,0.3498741686344147,0.271992951631546,0.278132826089859,,-0.0,7.783024787902832,0.0,0.0,0.0,0.0
21508,317.80218505859375,-351.6845397949219,2951.0,497.0,2456.0,0.34995555877685547,0.2731972634792328,0.27684712409973145,,-0.0,7.811823844909668,0.0,0.0,0.0,0.0
21512,317.5384521484375,-527.4658203125,3403.0,552.0,2600.0,0.34999555349349976,0.2744238078594208,0.27558064460754395,,-0.0,7.840622901916504,0.0,0.0,0.0,0.0
21516,317.1867980957031,-703.3080444335938,3026.0,649.0,2725.0,0.349994033575058,0.2756715416908264,0.2743344008922577,,-0.0,7.86942195892334,0.0,0.0,0.0,0.0
21520,316.9230651855469,-527.4658203125,3019.0,491.0,2344.0,0.3499510884284973,0.2769394516944885,0.27310943603515625,,-0.0,7.898221015930176,0.0,0.0,0.0,0.0
21524,316.6593322753906,-527.4658203125,3485.0,560.0,2493.0,0.34986668825149536,0.27822649478912354,0.2719067931175232,,-0.0,7.927020072937012,0.0,0.0,0.0,0.0
21528,316.4835205078125,-351.6235046386719,3078.0,650.0,2608.0,0.3497409522533417,0.2795315980911255,0.2707274258136749,,-0.0,7.955819129943848,0.0,0.0,0.0,0.0
21532,316.1318664550781,-703.3080444335938,2721.0,536.0,2367.0,0.3495739698410034,0.28085365891456604,0.26957234740257263,,-0.0,7.984618186950684,0.0,0.0,0.0,0.0
21536,315.8681335449219,-527.4658203125,3145.0,502.0,2194.0,0.34936583042144775,0.28219175338745117,0.26844242215156555,,-0.0,8.013420104980469,0.0,0.0,0.0,0.0
21540,315.6044006347656,-527.4658203125,3567.0,572.0,2345.0,0.349116712808609,0.28354474902153015,0.2673385441303253,,-0.0,8.042224884033203,0.0,0.0,0.0,0.0
21544,315.3406677246094,-527.4658203125,3051.0,671.0,2464.0,0.34882688522338867,0.2849113941192627,0.2662617564201355,,-0.0,8.071029663085938,0.0,0.0,0.0,0.0
21548,315.0769348144531,-527.4658203125,3276.0,528.0,2080.0,0.3484964966773987,0.28629055619239807,0.2652129530906677,,-0.0,8.099834442138672,0.0,0.0,0.0,0.0
21552,314.8132019042969,-527.4658203125,3629.0,586.0,2240.0,0.3481259047985077,0.28768110275268555,0.26419299840927124,,-0.0,8.128639221191406,0.0,0.0,0.0,0.0
21556,314.5494384765625,-527.52685546875,3103.0,684.0,2374.0,0.3477153778076172,0.289081871509552,0.2632027864456177,,-0.0,8.15744400024414,0.0,0.0,0.0,0.0
21560,314.3736267089844,-351.6235046386719,2943.0,575.0,2142.0,0.3472652733325958,0.29049167037010193,0.2622430622577667,,-0.0,8.186248779296875,0.0,0.0,0.0,0.0
21564,314.28570556640625,-175.84226989746094,3368.0,544.0,1972.0,0.34677594900131226,0.291909396648407,0.2613146901130676,,-0.0,8.21505355834961,0.0,0.0,0.0,0.0
21568,314.28570556640625,0.0,3662.0,620.0,2138.0,0.3462477922439575,0.2933337986469269,0.2604184150695801,,-0.0,8.243858337402344,0.0,0.0,0.0,0.0
21572,313.9340515136719,-703.3080444335938,2951.0,730.0,2249.0,0.3456812798976898,0.2947637438774109,0.25955498218536377,,-0.0,8.272663116455078,0.0,0.0,0.0,0.0
21576,313.5824279785156,-703.2470092773438,3555.0,593.0,1863.0,0.34507688879966736,0.2961980402469635,0.2587250769138336,,-0.0,8.301467895507812,0.0,0.0,0.0,0.0
21580,313.3186950683594,-527.4658203125,3546.0,672.0,2018.0,0.34443506598472595,0.2976354956626892,0.2579294443130493,,-0.0,8.330272674560547,0.0,0.0,0.0,0.0
21584,312.967041015625,-703.3080444335938,2651.0,793.0,2128.0,0.34375640749931335,0.2990748882293701,0.257168710231781,,-0.0,8.359077453613281,0.0,0.0,0.0,0.0
21588,312.79119873046875,-351.6845397949219,3309.0,676.0,1883.0,0.34304141998291016,0.3005150854587555,0.25644350051879883,,-0.0,8.387882232666016,0.0,0.0,0.0,0.0
21592,312.6153869628906,-351.6235046386719,3738.0,662.0,1728.0,0.3422907590866089,0.30195483565330505,0.2557544410228729,,-0.0,8.41668701171875,0.0,0.0,0.0,0.0
21596,312.4395751953125,-351.6235046386719,3527.0,728.0,1885.0,0.3415049910545349,0.3033929467201233,0.2551020681858063,,-0.0,8.445491790771484,0.0,0.0,0.0,0.0
21600,312.3516540527344,-175.84226989746094,2632.0,866.0,2010.0,0.34068477153778076,0.3048282563686371,0.25448697805404663,,-0.0,8.474296569824219,0.0,0.0,0.0,0.0
21604,312.1758117675781,-351.6845397949219,3644.0,722.0,1634.0,0.33983081579208374,0.3062595725059509,0.2539096176624298,,-0.0,8.503101348876953,0.0,0.0,0.0,0.0
21608,312.0,-351.6235046386719,3405.0,808.0,1792.0,0.33894380927085876,0.3076857030391693,0.2533705234527588,,-0.0,8.531906127929688,0.0,0.0,0.0,0.0
21612,311.6483459472656,-703.3080444335938,2571.0,950.0,1908.0,0.3380244970321655,0.30910542607307434,0.2528700828552246,,-0.0,8.560710906982422,0.0,0.0,0.0,0.0
21616,311.29669189453125,-703.3080444335938,3411.0,836.0,1652.0,0.3370736241340637,0.3105176091194153,0.2524087727069855,,-0.0,8.589515686035156,0.0,0.0,0.0,0.0
21620,311.032958984375,-527.4658203125,3675.0,825.0,1472.0,0.3360919952392578,0.31192106008529663,0.25198692083358765,,-0.0,8.61832046508789,0.0,0.0,0.0,0.0
21624,310.76922607421875,-527.4658203125,3354.0,914.0,1619.0,0.33508044481277466,0.31331464648246765,0.25160491466522217,,-0.0,8.647125244140625,0.0,0.0,0.0,0.0
21628,310.5054931640625,-527.4658203125,3439.0,927.0,1527.0,0.3340397775173187,0.31469714641571045,0.2512630820274353,,-0.0,8.67593002319336,0.0,0.0,0.0,0.0
21632,310.24176025390625,-527.4658203125,3539.0,916.0,1354.0,0.33297085762023926,0.31606748700141907,0.25096166133880615,,-0.0,8.704734802246094,0.0,0.0,0.0,0.0
21636,309.8901062011719,-703.3080444335938,3137.0,1012.0,1506.0,0.3318745791912079,0.317424476146698,0.2507009506225586,,-0.0,8.733539581298828,0.0,0.0,0.0,0.0
21640,309.6263732910156,-527.4658203125,3028.0,1152.0,1616.0,0.33075186610221863,0.3187670111656189,0.25048109889030457,,-0.0,8.762344360351562,0.0,0.0,0.0,0.0
21644,309.3626403808594,-527.4658203125,3445.0,1060.0,1372.0,0.3296036422252655,0.3200939893722534,0.25030237436294556,,-0.0,8.791149139404297,0.0,0.0,0.0,0.0
21648,309.0989074707031,-527.4658203125,3675.0,1054.0,1200.0,0.3284308612346649,0.32140427827835083,0.25016483664512634,,-0.0,8.819953918457031,0.0,0.0,0.0,0.0
22456,319.1208801269531,0.0,2751.0,563.0,2756.0,0.3465992212295532,0.2610037624835968,0.2923969626426697,,-0.0,7.483035087585449,0.0,0.0,0.0,0.0
22460,319.20880126953125,175.84226989746094,3115.0,630.0,2960.0,0.3460580110549927,0.26011884212493896,0.29382312297821045,,-0.0,7.454236030578613,0.0,0.0,0.0,0.0
22464,319.4725341796875,527.4658203125,2392.0,752.0,3142.0,0.3454785645008087,0.2592669725418091,0.2952544093132019,,-0.0,7.425436973571777,0.0,0.0,0.0,0.0
22468,319.8241882324219,703.3080444335938,2301.0,650.0,2949.0,0.3448614180088043,0.25844889879226685,0.29668962955474854,,-0.0,7.396637916564941,0.0,0.0,0.0,0.0
22472,320.0879211425781,527.4658203125,2893.0,628.0,2846.0,0.3442070782184601,0.2576652765274048,0.2981276214122772,,-0.0,7.3678388595581055,0.0,0.0,0.0,0.0
22476,320.3516540527344,527.4658203125,2071.0,804.0,3208.0,0.343516081571579,0.25691676139831543,0.2995671331882477,,-0.0,7.3390398025512695,0.0,0.0,0.0,0.0
22480,320.5274658203125,351.6235046386719,2387.0,705.0,3005.0,0.342788964509964,0.2562040090560913,0.3010070025920868,,-0.0,7.310240745544434,0.0,0.0,0.0,0.0
22484,320.70330810546875,351.6845397949219,3041.0,678.0,2888.0,0.34202638268470764,0.255527526140213,0.30244606733322144,,-0.0,7.281441688537598,0.0,0.0,0.0,0.0
22488,320.8791198730469,351.6235046386719,2877.0,750.0,3092.0,0.3412289321422577,0.25488796830177307,0.30388307571411133,,-0.0,7.252642631530762,0.0,0.0,0.0,0.0
22492,320.967041015625,175.84226989746094,1875.0,879.0,3268.0,0.34039729833602905,0.2542858123779297,0.30531686544418335,,-0.0,7.223843574523926,0.0,0.0,0.0,0.0
22496,321.054931640625,175.78123474121094,2438.0,778.0,3055.0,0.33953216671943665,0.25372153520584106,0.306746244430542,,-0.0,7.19504451751709,0.0,0.0,0.0,0.0
22500,321.23077392578125,351.6845397949219,3030.0,760.0,2942.0,0.3386342525482178,0.2531956732273102,0.30817005038261414,,-0.0,7.166245460510254,0.0,0.0,0.0,0.0
22504,321.4945068359375,527.4658203125,1847.0,948.0,3307.0,0.33770430088043213,0.2527086138725281,0.3095870614051819,,-0.0,7.137446403503418,0.0,0.0,0.0,0.0
22508,321.8461608886719,703.3080444335938,2289.0,864.0,3106.0,0.3367430567741394,0.25226080417633057,0.3109961152076721,,-0.0,7.108647346496582,0.0,0.0,0.0,0.0
22512,322.1098937988281,527.4658203125,2991.0,852.0,2984.0,0.33575135469436646,0.25185254216194153,0.3123960793018341,,-0.0,7.079848289489746,0.0,0.0,0.0,0.0
22516,322.28570556640625,351.6235046386719,2897.0,938.0,3196.0,0.33472999930381775,0.2514842450618744,0.31378573179244995,,-0.0,7.05104923248291,0.0,0.0,0.0,0.0
22520,322.5494384765625,527.4658203125,1801.0,1072.0,3360.0,0.33367985486984253,0.25115615129470825,0.3151639699935913,,-0.0,7.022250175476074,0.0,0.0,0.0,0.0
22524,322.8132019042969,527.52685546875,2205.0,967.0,3136.0,0.33260175585746765,0.2508685886859894,0.31652963161468506,,-0.0,6.993451118469238,0.0,0.0,0.0,0.0
22528,323.0769348144531,527.4658203125,2461.0,974.0,3022.0,0.3314966559410095,0.2506217658519745,0.3178815543651581,,-0.0,6.964652061462402,0.0,0.0,0.0,0.0
22532,323.3406677246094,527.4658203125,1698.0,1176.0,3386.0,0.330365389585495,0.2504158914089203,0.3192186951637268,,-0.0,6.935853004455566,0.0,0.0,0.0,0.0
22536,323.6044006347656,527.4658203125,2060.0,1100.0,3170.0,0.32920897006988525,0.2502511441707611,0.3205398619174957,,-0.0,6.9070539474487305,0.0,0.0,0.0,0.0
22540,323.78021240234375,351.6235046386719,2295.0,1089.0,3034.0,0.3280283212661743,0.2501276433467865,0.3218440115451813,,-0.0,6.8782548904418945,0.0,0.0,0.0,0.0
22544,324.0439453125,527.4658203125,2434.0,1180.0,3232.0,0.326824426651001,0.250045508146286,0.3231300413608551,,-0.0,6.849455833435059,0.0,0.0,0.0,0.0
22548,324.3955993652344,703.3080444335938,1661.0,1336.0,3392.0,0.32559826970100403,0.2500047981739044,0.32439687848091125,,-0.0,6.820656776428223,0.0,0.0,0.0,0.0
22552,324.74725341796875,703.3080444335938,2206.0,1260.0,3164.0,0.32435089349746704,0.2500055730342865,0.32564350962638855,,-0.0,6.791857719421387,0.0,0.0,0.0,0.0
22556,325.010986328125,527.4658203125,1906.0,1312.0,3236.0,0.3230833411216736,0.25004780292510986,0.32686883211135864,,-0.0,6.763058662414551,0.0,0.0,0.0,0.0
22560,325.4505615234375,879.1503295898438,1226.0,1464.0,3396.0,0.32179662585258484,0.25013142824172974,0.3280719220638275,,-0.0,6.734259605407715,0.0,0.0,0.0,0.0
22564,325.8901062011719,879.0892944335938,2789.0,1386.0,3168.0,0.32049185037612915,0.2502564489841461,0.3292517066001892,,-0.0,6.705460548400879,0.0,0.0,0.0,0.0
22568,326.1538391113281,527.4658203125,2340.0,1406.0,3037.0,0.3191700577735901,0.25042271614074707,0.33040720224380493,,-0.0,6.676661491394043,0.0,0.0,0.0,0.0
22572,326.4175720214844,527.4658203125,1565.0,1490.0,3230.0,0.3178323805332184,0.25063008069992065,0.33153751492500305,,-0.0,6.647862434387207,0.0,0.0,0.0,0.0
22576,326.6813049316406,527.4658203125,1470.0,1633.0,3381.0,0.3164799213409424,0.25087839365005493,0.3326416611671448,,-0.0,6.619063377380371,0.0,0.0,0.0,0.0
22580,327.032958984375,703.3080444335938,2270.0,1551.0,3151.0,0.31511378288269043,0.2511674463748932,0.33371874690055847,,-0.0,6.590264320373535,0.0,0.0,0.0,0.0
22584,327.29669189453125,527.4658203125,1513.0,1609.0,3209.0,0.31373509764671326,0.2514970004558563,0.3347678780555725,,-0.0,6.561465263366699,0.0,0.0,0.0,0.0
22588,327.5604248046875,527.4658203125,1527.0,1761.0,3356.0,0.31234505772590637,0.25186678767204285,0.33578816056251526,,-0.0,6.532666206359863,0.0,0.0,0.0,0.0
22592,327.9120788574219,703.3080444335938,1854.0,1680.0,3121.0,0.31094473600387573,0.2522764801979065,0.33677875995635986,,-0.0,6.503867149353027,0.0,0.0,0.0,0.0
22596,328.0879211425781,351.6845397949219,1855.0,1672.0,2973.0,0.3095353841781616,0.252725750207901,0.33773884177207947,,-0.0,6.475068092346191,0.0,0.0,0.0,0.0
22600,328.3516540527344,527.4658203125,1713.0,1783.0,3161.0,0.30811807513237,0.2532142400741577,0.3386676609516144,,-0.0,6.4462690353393555,0.0,0.0,0.0,0.0
22604,328.6153869628906,527.4658203125,1184.0,1926.0,3300.0,0.30669406056404114,0.2537415325641632,0.33956438302993774,,-0.0,6.4174699783325195,0.0,0.0,0.0,0.0
22608,328.8791198730469,527.4658203125,2226.0,1843.0,3066.0,0.30526450276374817,0.2543071508407593,0.34042832255363464,,-0.0,6.388670921325684,0.0,0.0,0.0,0.0
22612,329.1428527832031,527.4658203125,1369.0,1901.0,3122.0,0.3038305640220642,0.2549107074737549,0.341258704662323,,-0.0,6.359871864318848,0.0,0.0,0.0,0.0
22616,329.3186950683594,351.6845397949219,996.0,2040.0,3259.0,0.30239346623420715,0.25555163621902466,0.3420548737049103,,-0.0,6.331072807312012,0.0,0.0,0.0,0.0
22620,329.4945068359375,351.6235046386719,1905.0,1944.0,3028.0,0.3009543716907501,0.256229430437088,0.34281617403030396,,-0.0,6.302273750305176,0.0,0.0,0.0,0.0
22624,329.5824279785156,175.84226989746094,1738.0,1923.0,2880.0,0.2995144724845886,0.2569435238838196,0.3435419797897339,,-0.0,6.27347469329834,0.0,0.0,0.0,0.0
22628,329.75823974609375,351.6235046386719,1290.0,2026.0,3056.0,0.29807499051094055,0.257693350315094,0.34423166513442993,,-0.0,6.244675636291504,0.0,0.0,0.0,0.0
22632,329.8461608886719,175.84226989746094,1012.0,2162.0,3196.0,0.2966371178627014,0.25847822427749634,0.3448846638202667,,-0.0,6.215876579284668,0.0,0.0,0.0,0.0
22636,330.02197265625,351.6235046386719,1928.0,2080.0,2955.0,0.29520201683044434,0.25929754972457886,0.3455004394054413,,-0.0,6.187077522277832,0.0,0.0,0.0,0.0
22640,330.28570556640625,527.4658203125,1288.0,2145.0,3002.0,0.2937708795070648,0.26015064120292664,0.34607845544815063,,-0.0,6.158278465270996,0.0,0.0,0.0,0.0
22644,330.5494384765625,527.4658203125,1046.0,2291.0,3127.0,0.29234492778778076,0.26103675365448,0.34661829471588135,,-0.0,6.12947940826416,0.0,0.0,0.0,0.0
22648,330.72528076171875,351.6845397949219,1817.0,2204.0,2892.0,0.2909253239631653,0.261955201625824,0.34711945056915283,,-0.0,6.100680351257324,0.0,0.0,0.0,0.0
22652,330.9010925292969,351.6235046386719,1748.0,2172.0,2736.0,0.2895132601261139,0.26290521025657654,0.34758153557777405,,-0.0,6.071881294250488,0.0,0.0,0.0,0.0
22656,331.0769348144531,351.6845397949219,1323.0,2264.0,2918.0,0.2881098687648773,0.2638859748840332,0.34800416231155396,,-0.0,6.043082237243652,0.0,0.0,0.0,0.0
22660,331.0769348144531,0.0,1001.0,2392.0,3047.0,0.2867163419723511,0.2648966610431671,0.3483869731426239,,-0.0,6.014283180236816,0.0,0.0,0.0,0.0
22664,331.1648254394531,175.78123474121094,1777.0,2305.0,2813.0,0.2853338420391083,0.2659364938735962,0.34872967004776,,-0.0,5.9854841232299805,0.0,0.0,0.0,0.0
22668,331.25274658203125,175.84226989746094,1308.0,2355.0,2844.0,0.28396350145339966,0.2670045495033264,0.349031925201416,,-0.0,5.9566850662231445,0.0,0.0,0.0,0.0
22672,331.6044006347656,703.3080444335938,984.0,2498.0,2961.0,0.28260645270347595,0.26809999346733093,0.3492935597896576,,-0.0,5.927886009216309,0.0,0.0,0.0,0.0
22676,331.78021240234375,351.6235046386719,1802.0,2421.0,2715.0,0.2812638282775879,0.2692219018936157,0.34951427578926086,,-0.0,5.899086952209473,0.0,0.0,0.0,0.0
22680,331.9560546875,351.6845397949219,1706.0,2412.0,2560.0,0.2799367606639862,0.270369291305542,0.3496939539909363,,-0.0,5.870287895202637,0.0,0.0,0.0,0.0
22684,332.1318664550781,351.6235046386719,1271.0,2513.0,2711.0,0.27862632274627686,0.2715412974357605,0.3498323857784271,,-0.0,5.841488838195801,0.0,0.0,0.0,0.0
22688,332.30767822265625,351.6235046386719,985.0,2664.0,2832.0,0.2773335874080658,0.27273687720298767,0.3499295115470886,,-0.0,5.812689781188965,0.0,0.0,0.0,0.0
22692,332.4835205078125,351.6845397949219,1738.0,2585.0,2579.0,0.27605968713760376,0.2739550769329071,0.3499852418899536,,-0.0,5.783890724182129,0.0,0.0,0.0,0.0
22696,332.74725341796875,527.4658203125,1266.0,2628.0,2606.0,0.27480560541152954,0.2751948833465576,0.34999948740005493,,-0.0,5.755091667175293,0.0,0.0,0.0,0.0
22700,332.9230651855469,351.6235046386719,1020.0,2774.0,2720.0,0.2735724449157715,0.27645525336265564,0.34997227787971497,,-0.0,5.726292610168457,0.0,0.0,0.0,0.0
22704,333.0989074707031,351.6845397949219,1631.0,2694.0,2480.0,0.2723611891269684,0.27773517370224,0.3499036431312561,,-0.0,5.697493553161621,0.0,0.0,0.0,0.0
22708,333.27471923828125,351.6235046386719,1685.0,2672.0,2304.0,0.2711728811264038,0.27903351187705994,0.34979361295700073,,-0.0,5.668694496154785,0.0,0.0,0.0,0.0
22712,333.5384521484375,527.4658203125,1291.0,2777.0,2457.0,0.2700084447860718,0.2803492844104767,0.349642276763916,,-0.0,5.639895439147949,0.0,0.0,0.0,0.0
22716,333.71429443359375,351.6845397949219,989.0,2919.0,2574.0,0.26886889338493347,0.2816813290119171,0.3494497835636139,,-0.0,5.611096382141113,0.0,0.0,0.0,0.0
22720,333.97802734375,527.4658203125,1698.0,2784.0,2188.0,0.2677551805973053,0.28302857279777527,0.3492162823677063,,-0.0,5.582297325134277,0.0,0.0,0.0,0.0
22724,334.1538391113281,351.6235046386719,1279.0,2877.0,2355.0,0.2666681706905365,0.2843898832798004,0.34894195199012756,,-0.0,5.553498268127441,0.0,0.0,0.0,0.0
22728,334.3296813964844,351.6845397949219,1007.0,3018.0,2462.0,0.26560884714126587,0.2857641279697418,0.3486270308494568,,-0.0,5.5246992111206055,0.0,0.0,0.0,0.0
22732,334.5934143066406,527.4658203125,1751.0,2922.0,2215.0,0.2645780146121979,0.28715020418167114,0.34827178716659546,,-0.0,5.4959001541137695,0.0,0.0,0.0,0.0
22736,334.8571472167969,527.4658203125,1683.0,2896.0,2044.0,0.26357656717300415,0.28854691982269287,0.34787651896476746,,-0.0,5.467101097106934,0.0,0.0,0.0,0.0
22740,335.1208801269531,527.4658203125,1261.0,2983.0,2232.0,0.26260530948638916,0.2899531424045563,0.34744152426719666,,-0.0,5.438302040100098,0.0,0.0,0.0,0.0
22744,335.20880126953125,175.84226989746094,951.0,3113.0,2350.0,0.26166507601737976,0.29136770963668823,0.3469671905040741,,-0.0,5.409502983093262,0.0,0.0,0.0,0.0
22748,335.29669189453125,175.78123474121094,1710.0,2950.0,1968.0,0.26075664162635803,0.29278942942619324,0.3464539349079132,,-0.0,5.380703926086426,0.0,0.0,0.0,0.0
22752,335.3846130371094,175.84226989746094,1221.0,3040.0,2144.0,0.25988075137138367,0.2942171096801758,0.34590211510658264,,-0.0,5.35190486907959,0.0,0.0,0.0,0.0
22756,335.5604248046875,351.6235046386719,927.0,3174.0,2258.0,0.25903815031051636,0.29564961791038513,0.345312237739563,,-0.0,5.323105812072754,0.0,0.0,0.0,0.0
22760,335.9120788574219,703.3080444335938,1877.0,3065.0,2005.0,0.25822949409484863,0.297085702419281,0.34468480944633484,,-0.0,5.294306755065918,0.0,0.0,0.0,0.0
22764,336.26373291015625,703.3080444335938,1737.0,3040.0,1824.0,0.2574554979801178,0.29852423071861267,0.3440203070640564,,-0.0,5.265507698059082,0.0,0.0,0.0,0.0
22768,336.5274658203125,527.4658203125,1270.0,3128.0,1985.0,0.2567167580127716,0.29996395111083984,0.343319296836853,,-0.0,5.236708641052246,0.0,0.0,0.0,0.0
22772,336.70330810546875,351.6845397949219,1001.0,3252.0,2102.0,0.2560139298439026,0.3014037311077118,0.3425823450088501,,-0.0,5.20790958404541,0.0,0.0,0.0,0.0
22776,336.967041015625,527.4658203125,1807.0,3085.0,1725.0,0.2553475797176361,0.30284231901168823,0.34181007742881775,,-0.0,5.179110527038574,0.0,0.0,0.0,0.0
22780,337.1428527832031,351.6235046386719,1354.0,3173.0,1907.0,0.25471827387809753,0.30427858233451843,0.3410031497478485,,-0.0,5.150311470031738,0.0,0.0,0.0,0.0
22784,337.3186950683594,351.6845397949219,975.0,3277.0,2013.0,0.25412651896476746,0.3057112693786621,0.3401622176170349,,-0.0,5.121512413024902,0.0,0.0,0.0,0.0
22788,337.4065856933594,175.78123474121094,2043.0,3168.0,1777.0,0.2535727918148041,0.30713924765586853,0.33928799629211426,,-0.0,5.092713356018066,0.0,0.0,0.0,0.0
22792,337.6703186035156,527.4658203125,1783.0,3131.0,1603.0,0.2530575692653656,0.3085612654685974,0.33838117122650146,,-0.0,5.0639142990112305,0.0,0.0,0.0,0.0
22796,338.02197265625,703.3080444335938,1524.0,3211.0,1761.0,0.25258129835128784,0.3099762201309204,0.3374424874782562,,-0.0,5.0351152420043945,0.0,0.0,0.0,0.0
22800,338.3736267089844,703.3080444335938,1220.0,3342.0,1864.0,0.25214433670043945,0.31138288974761963,0.3364727795124054,,-0.0,5.006316184997559,0.0,0.0,0.0,0.0
22804,338.72528076171875,703.3080444335938,1926.0,3176.0,1475.0,0.2517470419406891,0.31278011202812195,0.33547282218933105,,-0.0,4.977517127990723,0.0,0.0,0.0,0.0
22808,339.0769348144531,703.3080444335938,1581.0,3268.0,1638.0,0.2513898015022278,0.31416675448417664,0.33444344997406006,,-0.0,4.948718070983887,0.0,0.0,0.0,0.0
22812,339.4285583496094,703.2470092773438,1222.0,3380.0,1730.0,0.25107285380363464,0.3155416250228882,0.33338552713394165,,-0.0,4.919919013977051,0.0,0.0,0.0,0.0
22816,339.69232177734375,527.52685546875,1958.0,3253.0,1492.0,0.25079649686813354,0.31690362095832825,0.3322998881340027,,-0.0,4.891119956970215,0.0,0.0,0.0,0.0
22820,339.9560546875,527.4658203125,1979.0,3206.0,1318.0,0.2505609393119812,0.3182515799999237,0.33118748664855957,,-0.0,4.862320899963379,0.0,0.0,0.0,0.0
22824,340.21978759765625,527.4658203125,1363.0,3287.0,1469.0,0.2503663897514343,0.3195844292640686,0.33004921674728394,,-0.0,4.833521842956543,0.0,0.0,0.0,0.0
22828,340.4835205078125,527.4658203125,1283.0,3406.0,1573.0,0.25021299719810486,0.3209010064601898,0.3288860023021698,,-0.0,4.804722785949707,0.0,0.0,0.0,0.0
22832,340.8351745605469,703.3080444335938,1911.0,3224.0,1200.0,0.25010088086128235,0.3222002685070038,0.32769885659217834,,-0.0,4.775923728942871,0.0,0.0,0.0,0.0
22836,341.0989074707031,527.4658203125,1403.0,3293.0,1349.0,0.25003015995025635,0.32348111271858215,0.326488733291626,,-0.0,4.747124671936035,0.0,0.0,0.0,0.0
22840,341.3626403808594,527.4658203125,1199.0,3400.0,1448.0,0.25000089406967163,0.32474249601364136,0.3252566158771515,,-0.0,4.718325614929199,0.0,0.0,0.0,0.0
22844,341.6263732910156,527.4658203125,2341.0,3272.0,1203.0,0.2500130534172058,0.32598334550857544,0.32400357723236084,,-0.0,4.689526557922363,0.0,0.0,0.0,0.0
22848,341.97802734375,703.3080444335938,1809.0,3221.0,1031.0,0.25006669759750366,0.3272026479244232,0.3227306306362152,,-0.0,4.660727500915527,0.0,0.0,0.0,0.0
22852,342.3296813964844,703.3080444335938,1452.0,3288.0,1172.0,0.2501617670059204,0.3283994197845459,0.32143884897232056,,-0.0,4.631928443908691,0.0,0.0,0.0,0.0
22856,342.6813049316406,703.2470092773438,1268.0,3403.0,1277.0,0.2502981424331665,0.3295725882053375,0.32012924551963806,,-0.0,4.6031293869018555,0.0,0.0,0.0,0.0
22860,342.76922607421875,175.84226989746094,1900.0,3212.0,912.0,0.25047576427459717,0.33072125911712646,0.31880298256874084,,-0.0,4.5743303298950195,0.0,0.0,0.0,0.0
22864,343.032958984375,527.4658203125,1615.0,3276.0,1065.0,0.2506944239139557,0.3318444490432739,0.31746113300323486,,-0.0,4.545531272888184,0.0,0.0,0.0,0.0
22868,343.29669189453125,527.4658203125,1703.0,3392.0,1177.0,0.2509540021419525,0.3329412341117859,0.3161047697067261,,-0.0,4.516732215881348,0.0,0.0,0.0,0.0
22872,343.5604248046875,527.4658203125,2342.0,3237.0,949.0,0.25125423073768616,0.33401069045066833,0.3147350549697876,,-0.0,4.487933158874512,0.0,0.0,0.0,0.0
22876,343.8241882324219,527.52685546875,2130.0,3187.0,792.0,0.2515949010848999,0.335051953792572,0.31335315108299255,,-0.0,4.459134101867676,0.0,0.0,0.0,0.0
22880,344.0,351.6235046386719,2030.0,3241.0,932.0,0.2519757151603699,0.3360641598701477,0.3119601607322693,,-0.0,4.43033504486084,0.0,0.0,0.0,0.0
22884,344.26373291015625,527.4658203125,2433.0,3209.0,856.0,0.2523963451385498,0.33704641461372375,0.3105572462081909,,-0.0,4.401535987854004,0.0,0.0,0.0,0.0
22888,344.5274658203125,527.4658203125,2078.0,3143.0,698.0,0.25285646319389343,0.3379979729652405,0.30914556980133057,,-0.0,4.372736930847168,0.0,0.0,0.0,0.0
22892,344.70330810546875,351.6845397949219,2164.0,3202.0,848.0,0.2533556818962097,0.3389180302619934,0.30772629380226135,,-0.0,4.343937873840332,0.0,0.0,0.0,0.0
22896,344.967041015625,527.4658203125,1602.0,3298.0,957.0,0.25389358401298523,0.3398057818412781,0.30630064010620117,,-0.0,4.315138816833496,0.0,0.0,0.0,0.0
22900,345.23077392578125,527.4658203125,2745.0,3137.0,745.0,0.25446972250938416,0.34066054224967957,0.30486974120140076,,-0.0,4.28633975982666,0.0,0.0,0.0,0.0
22904,345.4945068359375,527.4658203125,1967.0,3085.0,598.0,0.2550836205482483,0.3414815664291382,0.303434818983078,,-0.0,4.257540702819824,0.0,0.0,0.0,0.0
22908,345.6703186035156,351.6235046386719,1840.0,3143.0,759.0,0.25573477149009705,0.3422681987285614,0.30199703574180603,,-0.0,4.228741645812988,0.0,0.0,0.0,0.0
22912,345.8461608886719,351.6845397949219,2670.0,3108.0,694.0,0.25642260909080505,0.3430197834968567,0.30055761337280273,,-0.0,4.199942588806152,0.0,0.0,0.0,0.0
22916,346.02197265625,351.6235046386719,2100.0,3043.0,549.0,0.2571466267108917,0.3437356650829315,0.29911771416664124,,-0.0,4.171143531799316,0.0,0.0,0.0,0.0
22920,346.1098937988281,175.84226989746094,1880.0,3096.0,702.0,0.25790613889694214,0.3444153070449829,0.29767856001853943,,-0.0,4.1423444747924805,0.0,0.0,0.0,0.0
22924,346.19781494140625,175.84226989746094,1747.0,3192.0,828.0,0.2587006092071533,0.3450580835342407,0.29624131321907043,,-0.0,4.1135454177856445,0.0,0.0,0.0,0.0
22928,346.5494384765625,703.2470092773438,2689.0,3040.0,630.0,0.2595292925834656,0.34566351771354675,0.29480719566345215,,-0.0,4.084746360778809,0.0,0.0,0.0,0.0
22932,346.8132019042969,527.52685546875,2284.0,2960.0,479.0,0.26039156317710876,0.346231073141098,0.2933773696422577,,-0.0,4.055947303771973,0.0,0.0,0.0,0.0
22936,347.0769348144531,527.4658203125,1992.0,3006.0,637.0,0.2612866759300232,0.34676027297973633,0.29195305705070496,,-0.0,4.027148246765137,0.0,0.0,0.0,0.0
22940,347.3406677246094,527.4658203125,2757.0,2964.0,583.0,0.26221388578414917,0.34725072979927063,0.2905353903770447,,-0.0,3.998349189758301,0.0,0.0,0.0,0.0
22944,347.6044006347656,527.4658203125,2399.0,2886.0,441.0,0.2631724178791046,0.3477019667625427,0.28912559151649475,,-0.0,3.969550132751465,0.0,0.0,0.0,0.0
22948,347.78021240234375,351.6235046386719,2052.0,2957.0,626.0,0.26416152715682983,0.34811365604400635,0.2877248227596283,,-0.0,3.940751075744629,0.0,0.0,0.0,0.0
22952,347.8681335449219,175.84226989746094,2019.0,3028.0,744.0,0.2651803493499756,0.34848544001579285,0.28633421659469604,,-0.0,3.911952018737793,0.0,0.0,0.0,0.0
22956,347.9560546875,175.84226989746094,2822.0,2878.0,564.0,0.2662280201911926,0.34881702065467834,0.2849549651145935,,-0.0,3.883152961730957,0.0,0.0,0.0,0.0
22960,348.1318664550781,351.6235046386719,2489.0,2805.0,428.0,0.2673037350177765,0.34910809993743896,0.283588171005249,,-0.0,3.854353904724121,0.0,0.0,0.0,0.0
22964,348.4835205078125,703.3080444335938,2179.0,2840.0,588.0,0.26840654015541077,0.349358469247818,0.2822349965572357,,-0.0,3.825554847717285,0.0,0.0,0.0,0.0
22968,348.9230651855469,879.0892944335938,2883.0,2780.0,539.0,0.2695355713367462,0.34956789016723633,0.28089654445648193,,-0.0,3.796755790710449,0.0,0.0,0.0,0.0
22972,349.1867980957031,527.4658203125,2548.0,2692.0,405.0,0.27068984508514404,0.34973621368408203,0.2795739471912384,,-0.0,3.7679567337036133,0.0,0.0,0.0,0.0
22976,349.4505615234375,527.52685546875,2317.0,2737.0,582.0,0.27186843752861023,0.34986329078674316,0.2782682776451111,,-0.0,3.7391576766967773,0.0,0.0,0.0,0.0
22980,349.71429443359375,527.4658203125,2356.0,2797.0,702.0,0.273070365190506,0.3499490022659302,0.2769806385040283,,-0.0,3.7103586196899414,0.0,0.0,0.0,0.0
22984,349.97802734375,527.4658203125,2981.0,2639.0,533.0,0.2742946147918701,0.3499932885169983,0.2757120728492737,,-0.0,3.6815595626831055,0.0,0.0,0.0,0.0
22988,350.3296813964844,703.3080444335938,2567.0,2562.0,404.0,0.27554020285606384,0.3499961495399475,0.2744636833667755,,-0.0,3.6527605056762695,0.0,0.0,0.0,0.0
22992,350.6813049316406,703.2470092773438,2418.0,2582.0,566.0,0.2768060564994812,0.34995749592781067,0.2732364535331726,,-0.0,3.6239614486694336,0.0,0.0,0.0,0.0
22996,350.8571472167969,351.6845397949219,3053.0,2517.0,530.0,0.2780911326408386,0.3498774468898773,0.27203139662742615,,-0.0,3.5951623916625977,0.0,0.0,0.0,0.0
23000,351.1208801269531,527.4658203125,2691.0,2437.0,400.0,0.2793944180011749,0.34975603222846985,0.2708495855331421,,-0.0,3.5663633346557617,0.0,0.0,0.0,0.0
23004,351.3846130371094,527.4658203125,2534.0,2471.0,576.0,0.280714750289917,0.3495933413505554,0.26969191431999207,,-0.0,3.537564277648926,0.0,0.0,0.0,0.0
23008,351.73626708984375,703.3080444335938,2651.0,2529.0,713.0,0.28205111622810364,0.34938952326774597,0.26855936646461487,,-0.0,3.50876522064209,0.0,0.0,0.0,0.0
23012,352.0,527.4658203125,3115.0,2363.0,546.0,0.28340232372283936,0.34914472699165344,0.2674529254436493,,-0.0,3.479966163635254,0.0,0.0,0.0,0.0
23016,352.1758117675781,351.6235046386719,2651.0,2276.0,427.0,0.2847673296928406,0.34885919094085693,0.2663734555244446,,-0.0,3.451167106628418,0.0,0.0,0.0,0.0
23020,352.4395751953125,527.52685546875,2763.0,2312.0,608.0,0.2861449718475342,0.34853315353393555,0.26532188057899475,,-0.0,3.422368049621582,0.0,0.0,0.0,0.0
23024,352.70330810546875,527.4658203125,3175.0,2245.0,576.0,0.28753408789634705,0.3481668531894684,0.26429906487464905,,-0.0,3.393568992614746,0.0,0.0,0.0,0.0
23028,352.967041015625,527.4658203125,2667.0,2185.0,455.0,0.28893354535102844,0.3477605879306793,0.2633058726787567,,-0.0,3.36476993560791,0.0,0.0,0.0,0.0
23032,353.23077392578125,527.4658203125,2839.0,2234.0,624.0,0.29034218192100525,0.3473147451877594,0.2623431086540222,,-0.0,3.335970878601074,0.0,0.0,0.0,0.0
23036,353.3186950683594,175.84226989746094,2823.0,2294.0,763.0,0.29175880551338196,0.3468296229839325,0.26141154766082764,,-0.0,3.3071718215942383,0.0,0.0,0.0,0.0
23040,353.3186950683594,0.0,3179.0,2146.0,596.0,0.2931823134422302,0.3463056981563568,0.26051199436187744,,-0.0,3.2783727645874023,0.0,0.0,0.0,0.0
23044,353.4065856933594,175.78123474121094,2686.0,2062.0,481.0,0.2946114242076874,0.3457433581352234,0.2596452236175537,,-0.0,3.2495737075805664,0.0,0.0,0.0,0.0
23048,353.6703186035156,527.4658203125,2877.0,2196.0,803.0,0.2960450351238251,0.34514307975769043,0.258811891078949,,-0.0,3.2207746505737305,0.0,0.0,0.0,0.0
23052,354.02197265625,703.3080444335938,3070.0,2025.0,647.0,0.2974819242954254,0.3445053696632385,0.25801271200180054,,-0.0,3.1919755935668945,0.0,0.0,0.0,0.0
23056,354.28570556640625,527.4658203125,2808.0,1930.0,534.0,0.2989208996295929,0.34383073449134827,0.2572483718395233,,-0.0,3.1631765365600586,0.0,0.0,0.0,0.0
23060,354.4615478515625,351.6845397949219,3015.0,1990.0,724.0,0.300360769033432,0.3431197702884674,0.25651949644088745,,-0.0,3.1343774795532227,0.0,0.0,0.0,0.0
23064,354.5494384765625,175.78123474121094,3054.0,2054.0,878.0,0.30180031061172485,0.3423730134963989,0.2558266520500183,,-0.0,3.1055784225463867,0.0,0.0,0.0,0.0
23068,354.72528076171875,351.6845397949219,2818.0,1893.0,708.0,0.3032383918762207,0.34159114956855774,0.25517046451568604,,-0.0,3.076779365539551,0.0,0.0,0.0,0.0
23072,354.9010925292969,351.6235046386719,2987.0,1821.0,603.0,0.30467379093170166,0.3407747745513916,0.2545514404773712,,-0.0,3.047980308532715,0.0,0.0,0.0,0.0
23076,354.989013671875,175.84226989746094,2875.0,1952.0,929.0,0.30610528588294983,0.3399246037006378,0.25397011637687683,,-0.0,3.019181251525879,0.0,0.0,0.0,0.0
23080,355.1648254394531,351.6235046386719,3209.0,1790.0,769.0,0.3075317442417145,0.3390412926673889,0.2534269392490387,,-0.0,2.990382194519043,0.0,0.0,0.0,0.0
23084,355.4285583496094,527.4658203125,2993.0,1704.0,669.0,0.3089519441127777,0.33812564611434937,0.2529224157333374,,-0.0,2.961583137512207,0.0,0.0,0.0,0.0
23088,355.69232177734375,527.52685546875,3433.0,1745.0,870.0,0.3103647232055664,0.3371783494949341,0.252456933259964,,-0.0,2.932784080505371,0.0,0.0,0.0,0.0
23092,355.9560546875,527.4658203125,3065.0,1788.0,1034.0,0.31176891922950745,0.33620020747184753,0.2520308792591095,,-0.0,2.903985023498535,0.0,0.0,0.0,0.0
23096,356.1318664550781,351.6235046386719,3305.0,1626.0,882.0,0.3131633400917053,0.33519208431243896,0.2516446113586426,,-0.0,2.875185966491699,0.0,0.0,0.0,0.0
23100,356.30767822265625,351.6235046386719,2858.0,1541.0,787.0,0.3145468235015869,0.33415472507476807,0.2512984275817871,,-0.0,2.8463869094848633,0.0,0.0,0.0,0.0
23104,356.5714416503906,527.52685546875,3291.0,1669.0,1126.0,0.3159182667732239,0.33308908343315125,0.25099265575408936,,-0.0,2.8175878524780273,0.0,0.0,0.0,0.0
23108,356.8351745605469,527.4658203125,2815.0,1506.0,971.0,0.3172765076160431,0.33199596405029297,0.25072750449180603,,-0.0,2.7887887954711914,0.0,0.0,0.0,0.0
23112,357.0989074707031,527.4658203125,2865.0,1417.0,872.0,0.3186204433441162,0.33087635040283203,0.25050321221351624,,-0.0,2.7599897384643555,0.0,0.0,0.0,0.0
23116,357.27471923828125,351.6235046386719,3123.0,1455.0,1088.0,0.3199489116668701,0.3297311067581177,0.2503199875354767,,-0.0,2.7311906814575195,0.0,0.0,0.0,0.0
23120,357.5384521484375,527.4658203125,3258.0,1506.0,1262.0,0.32126080989837646,0.3285612165927887,0.2501779794692993,,-0.0,2.7023916244506836,0.0,0.0,0.0,0.0
23124,357.71429443359375,351.6845397949219,3391.0,1345.0,1109.0,0.3225551247596741,0.3273676335811615,0.2500772476196289,,-0.0,2.6735925674438477,0.0,0.0,0.0,0.0
23128,357.97802734375,527.4658203125,3013.0,1257.0,1016.0,0.3238306939601898,0.3261513411998749,0.2500179409980774,,-0.0,2.6447935104370117,0.0,0.0,0.0,0.0
23132,358.24176025390625,527.4658203125,3219.0,1386.0,1376.0,0.3250865340232849,0.3249133825302124,0.25000008940696716,,-0.0,2.615994453430176,0.0,0.0,0.0,0.0
23136,358.5054931640625,527.4658203125,3258.0,1197.0,1225.0,0.326321542263031,0.32365474104881287,0.2500237226486206,,-0.0,2.58719539642334,0.0,0.0,0.0,0.0
23140,358.76922607421875,527.4658203125,3539.0,1123.0,1138.0,0.3275347352027893,0.3223764896392822,0.25008878111839294,,-0.0,2.558396339416504,0.0,0.0,0.0,0.0
23144,359.032958984375,527.4658203125,2942.0,1157.0,1366.0,0.32872509956359863,0.32107967138290405,0.2501952052116394,,-0.0,2.529597282409668,0.0,0.0,0.0,0.0
23148,359.3846130371094,703.3080444335938,3094.0,1198.0,1544.0,0.3298916220664978,0.3197653889656067,0.2503429651260376,,-0.0,2.500798225402832,0.0,0.0,0.0,0.0
23152,359.5604248046875,351.6235046386719,3445.0,1051.0,1393.0,0.3310333490371704,0.3184347152709961,0.2505319118499756,,-0.0,2.471999168395996,0.0,0.0,0.0,0.0
23156,359.73626708984375,351.6845397949219,3632.0,969.0,1300.0,0.3321493864059448,0.3170887529850006,0.25076186656951904,,-0.0,2.44320011138916,0.0,0.0,0.0,0.0
23160,360.0,527.4658203125,2895.0,1100.0,1663.0,0.33323872089385986,0.3157286047935486,0.25103268027305603,,-0.0,2.414401054382324,0.0,0.0,0.0,0.0
23164,0.17582418024539948,-719648.3125,1982.0,1917.0,1869.0,0.5,0.5,0.5,,-0.0,2.4000015258789062,0.0,0.0,0.0,0.0
23168,0.2637362778186798,175.82418823242188,2212.0,1859.0,1741.0,0.5,0.5,0.5,,-0.0,2.4000015258789062,0.0,0.0,0.0,0.0
23172,0.0,-527.4725341796875,2419.0,1938.0,1948.0,0.5,0.5,0.5,,-0.0,2.4000015258789062,0.0,0.0,0.0,0.0
23176,359.6483459472656,719296.6875,2431.0,2050.0,2091.0,0.5,0.5,0.5,,-0.0,2.4000015258789062,0.0,0.0,0.0,0.0
23180,359.20880126953125,-879.0892944335938,2011.0,1912.0,1874.0,0.5,0.5,0.5,,-0.0,2.4000015258789062,0.0,0.0,0.0,0.0
23184,358.945068359375,-527.4658203125,2426.0,1950.0,1933.0,0.5,0.5,0.5,,-0.0,2.4000015258789062,0.0,0.0,0.0,0.0
23188,358.8571472167969,-175.84226989746094,2437.0,2064.0,2075.0,0.5,0.5,0.5,,-0.0,2.4000015258789062,0.0,0.0,0.0,0.0
23192,358.945068359375,175.84226989746094,1993.0,1917.0,1863.0,0.5,0.5,0.5,,-0.0,2.4000015258789062,0.0,0.0,0.0,0.0
23196,359.032958984375,175.78123474121094,2194.0,1856.0,1728.0,0.5,0.5,0.5,,-0.0,2.4000015258789062,0.0,0.0,0.0,0.0
23200,359.032958984375,0.0,2431.0,1946.0,1937.0,0.5,0.5,0.5,,-0.0,2.4000015258789062,0.0,0.0,0.0,0.0
23204,358.945068359375,-175.78123474121094,2452.0,2056.0,2078.0,0.5,0.5,0.5,,-0.0,2.4000015258789062,0.0,0.0,0.0,0.0
23208,358.945068359375,0.0,1990.0,1919.0,1869.0,0.5,0.5,0.5,,-0.0,2.4000015258789062,0.0,0.0,0.0,0.0
23212,358.945068359375,0.0,2451.0,1948.0,1936.0,0.5,0.5,0.5,,-0.0,2.4000015258789062,0.0,0.0,0.0,0.0
23216,358.945068359375,0.0,2418.0,2057.0,2079.0,0.5,0.5,0.5,,-0.0,2.4000015258789062,0.0,0.0,0.0,0.0
23220,358.945068359375,0.0,2011.0,1915.0,1864.0,0.5,0.5,0.5,,-0.0,2.4000015258789062,0.0,0.0,0.0,0.0
23224,358.945068359375,0.0,2206.0,1858.0,1728.0,0.5,0.5,0.5,,-0.0,2.4000015258789062,0.0,0.0,0.0,0.0
23228,358.945068359375,0.0,2435.0,1942.0,1930.0,0.5,0.5,0.5,,-0.0,2.4000015258789062,0.0,0.0,0.0,0.0
23232,358.945068359375,0.0,2438.0,2045.0,2068.0,0.5,0.5,0.5,,-0.0,2.4000015258789062,0.0,0.0,0.0,0.0
23236,358.945068359375,0.0,1998.0,1919.0,1867.0,0.5,0.5,0.5,,-0.0,2.4000015258789062,0.0,0.0,0.0,0.0
23240,358.945068359375,0.0,2421.0,1946.0,1931.0,0.5,0.5,0.5,,-0.0,2.4000015258789062,0.0,0.0,0.0,0.0
23244,358.945068359375,0.0,2441.0,2060.0,2078.0,0.5,0.5,0.5,,-0.0,2.4000015258789062,0.0,0.0,0.0,0.0
23248,359.032958984375,175.78123474121094,2001.0,1915.0,1867.0,0.5,0.5,0.5,,-0.0,2.4000015258789062,0.0,0.0,0.0,0.0
24056,358.945068359375,0.0,2445.0,2060.0,2080.0,0.5,0.5,0.5,,-0.0,2.4000015258789062,0.0,0.0,0.0,0.0
24060,358.945068359375,0.0,2201.0,1861.0,1731.0,0.5,0.5,0.5,,-0.0,2.4000015258789062,0.0,0.0,0.0,0.0
24064,358.945068359375,0.0,2427.0,1940.0,1929.0,0.5,0.5,0.5,,-0.0,2.4000015258789062,0.0,0.0,0.0,0.0
24068,358.945068359375,0.0,2440.0,2054.0,2074.0,0.5,0.5,0.5,,-0.0,2.4000015258789062,0.0,0.0,0.0,0.0
24072,358.945068359375,0.0,1992.0,1919.0,1872.0,0.5,0.5,0.5,,-0.0,2.4000015258789062,0.0,0.0,0.0,0.0
24076,358.945068359375,0.0,2191.0,1860.0,1734.0,0.5,0.5,0.5,,-0.0,2.4000015258789062,0.0,0.0,0.0,0.0
24080,358.945068359375,0.0,2427.0,1963.0,1941.0,0.5,0.5,0.5,,-0.0,2.4000015258789062,0.0,0.0,0.0,0.0
24084,358.945068359375,0.0,2439.0,2056.0,2080.0,0.5,0.5,0.5,,-0.0,2.4000015258789062,0.0,0.0,0.0,0.0
24088,358.945068359375,0.0,2190.0,1861.0,1733.0,0.5,0.5,0.5,,-0.0,2.4000015258789062,0.0,0.0,0.0,0.0
24092,358.945068359375,0.0,2425.0,1950.0,1938.0,0.5,0.5,0.5,,-0.0,2.4000015258789062,0.0,0.0,0.0,0.0
24096,358.945068359375,0.0,2440.0,2056.0,2080.0,0.5,0.5,0.5,,-0.0,2.4000015258789062,0.0,0.0,0.0,0.0
24100,358.945068359375,0.0,1996.0,1917.0,1868.0,0.5,0.5,0.5,,-0.0,2.4000015258789062,0.0,0.0,0.0,0.0
24104,358.945068359375,0.0,2195.0,1863.0,1732.0,0.5,0.5,0.5,,-0.0,2.4000015258789062,0.0,0.0,0.0,0.0
24108,358.945068359375,0.0,2432.0,1944.0,1932.0,0.5,0.5,0.5,,-0.0,2.4000015258789062,0.0,0.0,0.0,0.0
24112,358.945068359375,0.0,2000.0,1910.0,1861.0,0.5,0.5,0.5,,-0.0,2.4000015258789062,0.0,0.0,0.0,0.0
24116,358.945068359375,0.0,2190.0,1860.0,1732.0,0.5,0.5,0.5,,-0.0,2.4000015258789062,0.0,0.0,0.0,0.0
24120,358.945068359375,0.0,2439.0,1946.0,1937.0,0.5,0.5,0.5,,-0.0,2.4000015258789062,0.0,0.0,0.0,0.0
24124,358.945068359375,0.0,2448.0,2054.0,2078.0,0.5,0.5,0.5,,-0.0,2.4000015258789062,0.0,0.0,0.0,0.0
24128,358.945068359375,0.0,1986.0,1916.0,1866.0,0.5,0.5,0.5,,-0.0,2.4000015258789062,0.0,0.0,0.0,0.0
24132,358.945068359375,0.0,2188.0,1859.0,1731.0,0.5,0.5,0.5,,-0.0,2.4000015258789062,0.0,0.0,0.0,0.0
24136,358.945068359375,0.0,2421.0,1945.0,1935.0,0.5,0.5,0.5,,-0.0,2.4000015258789062,0.0,0.0,0.0,0.0
24140,358.945068359375,0.0,1999.0,1924.0,1871.0,0.5,0.5,0.5,,-0.0,2.4000015258789062,0.0,0.0,0.0,0.0
24144,358.945068359375,0.0,2207.0,1863.0,1729.0,0.5,0.5,0.5,,-0.0,2.4000015258789062,0.0,0.0,0.0,0.0
24148,358.945068359375,0.0,2427.0,1946.0,1936.0,0.5,0.5,0.5,,-0.0,2.4000015258789062,0.0,0.0,0.0,0.0
24152,358.945068359375,0.0,2447.0,2058.0,2075.0,0.5,0.5,0.5,,-0.0,2.4000015258789062,0.0,0.0,0.0,0.0
24156,358.945068359375,0.0,2004.0,1917.0,1868.0,0.5,0.5,0.5,,-0.0,2.4000015258789062,0.0,0.0,0.0,0.0
24160,358.945068359375,0.0,2209.0,1863.0,1732.0,0.5,0.5,0.5,,-0.0,2.4000015258789062,0.0,0.0,0.0,0.0
24164,358.945068359375,0.0,2434.0,1947.0,1935.0,0.5,0.5,0.5,,-0.0,2.4000015258789062,0.0,0.0,0.0,0.0
24168,358.945068359375,0.0,1975.0,1917.0,1867.0,0.5,0.5,0.5,,-0.0,2.4000015258789062,0.0,0.0,0.0,0.0
24172,358.945068359375,0.0,2206.0,1870.0,1740.0,0.5,0.5,0.5,,-0.0,2.4000015258789062,0.0,0.0,0.0,0.0
24176,358.945068359375,0.0,2429.0,1947.0,1937.0,0.5,0.5,0.5,,-0.0,2.4000015258789062,0.0,0.0,0.0,0.0
24180,358.945068359375,0.0,2436.0,2057.0,2075.0,0.5,0.5,0.5,,-0.0,2.4000015258789062,0.0,0.0,0.0,0.0
24184,358.945068359375,0.0,2008.0,1909.0,1863.0,0.5,0.5,0.5,,-0.0,2.4000015258789062,0.0,0.0,0.0,0.0
24188,358.945068359375,0.0,2185.0,1858.0,1732.0,0.5,0.5,0.5,,-0.0,2.4000015258789062,0.0,0.0,0.0,0.0
24192,358.945068359375,0.0,2423.0,1933.0,1924.0,0.5,0.5,0.5,,-0.0,2.4000015258789062,0.0,0.0,0.0,0.0
24196,358.945068359375,0.0,1989.0,1919.0,1867.0,0.5,0.5,0.5,,-0.0,2.4000015258789062,0.0,0.0,0.0,0.0
24200,358.945068359375,0.0,2206.0,1862.0,1728.0,0.5,0.5,0.5,,-0.0,2.4000015258789062,0.0,0.0,0.0,0.0
24204,358.945068359375,0.0,2426.0,1944.0,1931.0,0.5,0.5,0.5,,-0.0,2.4000015258789062,0.0,0.0,0.0,0.0
24208,358.945068359375,0.0,2447.0,2058.0,2074.0,0.5,0.5,0.5,,-0.0,2.4000015258789062,0.0,0.0,0.0,0.0
24212,358.945068359375,0.0,1987.0,1918.0,1868.0,0.5,0.5,0.5,,-0.0,2.4000015258789062,0.0,0.0,0.0,0.0
24216,358.945068359375,0.0,2190.0,1860.0,1728.0,0.5,0.5,0.5,,-0.0,2.4000015258789062,0.0,0.0,0.0,0.0
24220,358.945068359375,0.0,2423.0,1945.0,1924.0,0.5,0.5,0.5,,-0.0,2.4000015258789062,0.0,0.0,0.0,0.0
24224,358.945068359375,0.0,1995.0,1920.0,1867.0,0.5,0.5,0.5,,-0.0,2.4000015258789062,0.0,0.0,0.0,0.0
24228,358.945068359375,0.0,2199.0,1853.0,1722.0,0.5,0.5,0.5,,-0.0,2.4000015258789062,0.0,0.0,0.0,0.0
24232,358.945068359375,0.0,2436.0,1945.0,1931.0,0.5,0.5,0.5,,-0.0,2.4000015258789062,0.0,0.0,0.0,0.0
24236,358.945068359375,0.0,2444.0,2050.0,2069.0,0.5,0.5,0.5,,-0.0,2.4000015258789062,0.0,0.0,0.0,0.0
24240,358.945068359375,0.0,1983.0,1915.0,1865.0,0.5,0.5,0.5,,-0.0,2.4000015258789062,0.0,0.0,0.0,0.0
24244,358.945068359375,0.0,2201.0,1872.0,1736.0,0.5,0.5,0.5,,-0.0,2.4000015258789062,0.0,0.0,0.0,0.0
24248,358.945068359375,0.0,2427.0,1944.0,1931.0,0.5,0.5,0.5,,-0.0,2.4000015258789062,0.0,0.0,0.0,0.0
24252,358.945068359375,0.0,1991.0,1919.0,1871.0,0.5,0.5,0.5,,-0.0,2.4000015258789062,0.0,0.0,0.0,0.0
24256,358.945068359375,0.0,2185.0,1856.0,1725.0,0.5,0.5,0.5,,-0.0,2.4000015258789062,0.0,0.0,0.0,0.0
24260,358.945068359375,0.0,2423.0,1941.0,1929.0,0.5,0.5,0.5,,-0.0,2.4000015258789062,0.0,0.0,0.0,0.0
24264,358.945068359375,0.0,2457.0,2072.0,2083.0,0.5,0.5,0.5,,-0.0,2.4000015258789062,0.0,0.0,0.0,0.0
24268,358.945068359375,0.0,2000.0,1918.0,1865.0,0.5,0.5,0.5,,-0.0,2.4000015258789062,0.0,0.0,0.0,0.0
24272,358.945068359375,0.0,2215.0,1864.0,1730.0,0.5,0.5,0.5,,-0.0,2.4000015258789062,0.0,0.0,0.0,0.0
24276,358.945068359375,0.0,2443.0,2056.0,2074.0,0.5,0.5,0.5,,-0.0,2.4000015258789062,0.0,0.0,0.0,0.0
24280,358.945068359375,0.0,1993.0,1919.0,1869.0,0.5,0.5,0.5,,-0.0,2.4000015258789062,0.0,0.0,0.0,0.0
24284,358.945068359375,0.0,2212.0,1852.0,1723.0,0.5,0.5,0.5,,-0.0,2.4000015258789062,0.0,0.0,0.0,0.0
24288,358.945068359375,0.0,2432.0,1948.0,1936.0,0.5,0.5,0.5,,-0.0,2.4000015258789062,0.0,0.0,0.0,0.0
24292,358.945068359375,0.0,2437.0,2051.0,2074.0,0.5,0.5,0.5,,-0.0,2.4000015258789062,0.0,0.0,0.0,0.0
24296,358.945068359375,0.0,2001.0,1916.0,1866.0,0.5,0.5,0.5,,-0.0,2.4000015258789062,0.0,0.0,0.0,0.0
24300,358.945068359375,0.0,2208.0,1862.0,1731.0,0.5,0.5,0.5,,-0.0,2.4000015258789062,0.0,0.0,0.0,0.0
24304,358.945068359375,0.0,2427.0,2060.0,2077.0,0.5,0.5,0.5,,-0.0,2.4000015258789062,0.0,0.0,0.0,0.0
24308,358.945068359375,0.0,1991.0,1908.0,1861.0,0.5,0.5,0.5,,-0.0,2.4000015258789062,0.0,0.0,0.0,0.0
24312,358.945068359375,0.0,2205.0,1864.0,1731.0,0.5,0.5,0.5,,-0.0,2.4000015258789062,0.0,0.0,0.0,0.0
24316,358.945068359375,0.0,2425.0,1946.0,1928.0,0.5,0.5,0.5,,-0.0,2.4000015258789062,0.0,0.0,0.0,0.0
24320,358.945068359375,0.0,2440.0,2056.0,2076.0,0.5,0.5,0.5,,-0.0,2.4000015258789062,0.0,0.0,0.0,0.0
24324,358.945068359375,0.0,1991.0,1904.0,1857.0,0.5,0.5,0.5,,-0.0,2.4000015258789062,0.0,0.0,0.0,0.0
24328,358.945068359375,0.0,2211.0,1864.0,1732.0,0.5,0.5,0.5,,-0.0,2.4000015258789062,0.0,0.0,0.0,0.0
24332,358.945068359375,0.0,2443.0,2069.0,2080.0,0.5,0.5,0.5,,-0.0,2.4000015258789062,0.0,0.0,0.0,0.0
24336,358.945068359375,0.0,1997.0,1919.0,1870.0,0.5,0.5,0.5,,-0.0,2.4000015258789062,0.0,0.0,0.0,0.0
24340,358.945068359375,0.0,2205.0,1856.0,1725.0,0.5,0.5,0.5,,-0.0,2.4000015258789062,0.0,0.0,0.0,0.0
24344,358.945068359375,0.0,2414.0,1961.0,1939.0,0.5,0.5,0.5,,-0.0,2.4000015258789062,0.0,0.0,0.0,0.0
24348,358.945068359375,0.0,2439.0,2056.0,2075.0,0.5,0.5,0.5,,-0.0,2.4000015258789062,0.0,0.0,0.0,0.0
24352,358.945068359375,0.0,1999.0,1931.0,1876.0,0.5,0.5,0.5,,-0.0,2.4000015258789062,0.0,0.0,0.0,0.0
24356,358.945068359375,0.0,2227.0,1860.0,1730.0,0.5,0.5,0.5,,-0.0,2.4000015258789062,0.0,0.0,0.0,0.0
24360,358.945068359375,0.0,2455.0,2054.0,2070.0,0.5,0.5,0.5,,-0.0,2.4000015258789062,0.0,0.0,0.0,0.0
24364,358.945068359375,0.0,1986.0,1919.0,1864.0,0.5,0.5,0.5,,-0.0,2.4000015258789062,0.0,0.0,0.0,0.0
24368,358.945068359375,0.0,2202.0,1862.0,1729.0,0.5,0.5,0.5,,-0.0,2.4000015258789062,0.0,0.0,0.0,0.0
24372,358.945068359375,0.0,2435.0,1947.0,1932.0,0.5,0.5,0.5,,-0.0,2.4000015258789062,0.0,0.0,0.0,0.0
24376,358.945068359375,0.0,2447.0,2073.0,2084.0,0.5,0.5,0.5,,-0.0,2.4000015258789062,0.0,0.0,0.0,0.0
24380,358.945068359375,0.0,1997.0,1919.0,1872.0,0.5,0.5,0.5,,-0.0,2.4000015258789062,0.0,0.0,0.0,0.0
24384,358.945068359375,0.0,2211.0,1862.0,1730.0,0.5,0.5,0.5,,-0.0,2.4000015258789062,0.0,0.0,0.0,0.0
24388,358.945068359375,0.0,2442.0,2057.0,2072.0,0.5,0.5,0.5,,-0.0,2.4000015258789062,0.0,0.0,0.0,0.0
24392,358.945068359375,0.0,1995.0,1919.0,1867.0,0.5,0.5,0.5,,-0.0,2.4000015258789062,0.0,0.0,0.0,0.0
24396,358.945068359375,0.0,2213.0,1862.0,1730.0,0.5,0.5,0.5,,-0.0,2.4000015258789062,0.0,0.0,0.0,0.0
24400,358.945068359375,0.0,2434.0,1937.0,1924.0,0.5,0.5,0.5,,-0.0,2.4000015258789062,0.0,0.0,0.0,0.0
24404,358.945068359375,0.0,2443.0,2056.0,2076.0,0.5,0.5,0.5,,-0.0,2.4000015258789062,0.0,0.0,0.0,0.0
24408,358.945068359375,0.0,2003.0,1920.0,1870.0,0.5,0.5,0.5,,-0.0,2.4000015258789062,0.0,0.0,0.0,0.0
24412,358.945068359375,0.0,2199.0,1857.0,1729.0,0.5,0.5,0.5,,-0.0,2.4000015258789062,0.0,0.0,0.0,0.0
24416,358.945068359375,0.0,2445.0,2045.0,2067.0,0.5,0.5,0.5,,-0.0,2.4000015258789062,0.0,0.0,0.0,0.0
24420,358.945068359375,0.0,1988.0,1916.0,1869.0,0.5,0.5,0.5,,-0.0,2.4000015258789062,0.0,0.0,0.0,0.0
24424,358.945068359375,0.0,2204.0,1864.0,1730.0,0.5,0.5,0.5,,-0.0,2.4000015258789062,0.0,0.0,0.0,0.0
24428,358.945068359375,0.0,2427.0,1943.0,1926.0,0.5,0.5,0.5,,-0.0,2.4000015258789062,0.0,0.0,0.0,0.0
24432,358.945068359375,0.0,2447.0,2064.0,2080.0,0.5,0.5,0.5,,-0.0,2.4000015258789062,0.0,0.0,0.0,0.0
24436,358.945068359375,0.0,1992.0,1918.0,1866.0,0.5,0.5,0.5,,-0.0,2.4000015258789062,0.0,0.0,0.0,0.0
24440,358.945068359375,0.0,2427.0,1942.0,1928.0,0.5,0.5,0.5,,-0.0,2.4000015258789062,0.0,0.0,0.0,0.0
24444,358.945068359375,0.0,2439.0,2055.0,2073.0,0.5,0.5,0.5,,-0.0,2.4000015258789062,0.0,0.0,0.0,0.0
24448,358.945068359375,0.0,1995.0,1917.0,1872.0,0.5,0.5,0.5,,-0.0,2.4000015258789062,0.0,0.0,0.0,0.0
24452,358.945068359375,0.0,2210.0,1860.0,1726.0,0.5,0.5,0.5,,-0.0,2.4000015258789062,0.0,0.0,0.0,0.0
24456,358.945068359375,0.0,2428.0,1944.0,1931.0,0.5,0.5,0.5,,-0.0,2.4000015258789062,0.0,0.0,0.0,0.0
24460,358.945068359375,0.0,2443.0,2057.0,2072.0,0.5,0.5,0.5,,-0.0,2.4000015258789062,0.0,0.0,0.0,0.0
24464,358.945068359375,0.0,1991.0,1915.0,1868.0,0.5,0.5,0.5,,-0.0,2.4000015258789062,0.0,0.0,0.0,0.0
24468,358.945068359375,0.0,2435.0,1949.0,1934.0,0.5,0.5,0.5,,-0.0,2.4000015258789062,0.0,0.0,0.0,0.0
24472,358.945068359375,0.0,2449.0,2054.0,2068.0,0.5,0.5,0.5,,-0.0,2.4000015258789062,0.0,0.0,0.0,0.0
24476,358.945068359375,0.0,1981.0,1917.0,1867.0,0.5,0.5,0.5,,-0.0,2.4000015258789062,0.0,0.0,0.0,0.0
24480,358.945068359375,0.0,2208.0,1850.0,1723.0,0.5,0.5,0.5,,-0.0,2.4000015258789062,0.0,0.0,0.0,0.0
24484,358.945068359375,0.0,2439.0,1947.0,1929.0,0.5,0.5,0.5,,-0.0,2.4000015258789062,0.0,0.0,0.0,0.0
24488,358.945068359375,0.0,2440.0,2060.0,2072.0,0.5,0.5,0.5,,-0.0,2.4000015258789062,0.0,0.0,0.0,0.0
24492,358.945068359375,0.0,1995.0,1915.0,1869.0,0.5,0.5,0.5,,-0.0,2.4000015258789062,0.0,0.0,0.0,0.0
24496,358.945068359375,0.0,2424.0,1932.0,1917.0,0.5,0.5,0.5,,-0.0,2.4000015258789062,0.0,0.0,0.0,0.0
24500,358.945068359375,0.0,2435.0,2059.0,2072.0,0.5,0.5,0.5,,-0.0,2.4000015258789062,0.0,0.0,0.0,0.0
24504,358.945068359375,0.0,1991.0,1914.0,1864.0,0.5,0.5,0.5,,-0.0,2.4000015258789062,0.0,0.0,0.0,0.0
24508,358.945068359375,0.0,2213.0,1862.0,1728.0,0.5,0.5,0.5,,-0.0,2.4000015258789062,0.0,0.0,0.0,0.0
24512,358.945068359375,0.0,2439.0,1944.0,1926.0,0.5,0.5,0.5,,-0.0,2.4000015258789062,0.0,0.0,0.0,0.0
24516,358.945068359375,0.0,2441.0,2056.0,2064.0,0.5,0.5,0.5,,-0.0,2.4000015258789062,0.0,0.0,0.0,0.0
24520,358.945068359375,0.0,1999.0,1920.0,1870.0,0.5,0.5,0.5,,-0.0,2.4000015258789062,0.0,0.0,0.0,0.0
24524,358.945068359375,0.0,2432.0,1951.0,1928.0,0.5,0.5,0.5,,-0.0,2.4000015258789062,0.0,0.0,0.0,0.0
24528,358.945068359375,0.0,2444.0,2057.0,2066.0,0.5,0.5,0.5,,-0.0,2.4000015258789062,0.0,0.0,0.0,0.0
24532,358.945068359375,0.0,1990.0,1915.0,1868.0,0.5,0.5,0.5,,-0.0,2.4000015258789062,0.0,0.0,0.0,0.0
24536,358.945068359375,0.0,2187.0,1858.0,1722.0,0.5,0.5,0.5,,-0.0,2.4000015258789062,0.0,0.0,0.0,0.0
24540,358.945068359375,0.0,2435.0,1953.0,1930.0,0.5,0.5,0.5,,-0.0,2.4000015258789062,0.0,0.0,0.0,0.0
24544,358.945068359375,0.0,2436.0,2056.0,2061.0,0.5,0.5,0.5,,-0.0,2.4000015258789062,0.0,0.0,0.0,0.0
24548,358.945068359375,0.0,1999.0,1916.0,1868.0,0.5,0.5,0.5,,-0.0,2.4000015258789062,0.0,0.0,0.0,0.0
24552,358.945068359375,0.0,2432.0,1948.0,1923.0,0.5,0.5,0.5,,-0.0,2.4000015258789062,0.0,0.0,0.0,0.0
24556,358.945068359375,0.0,2441.0,2054.0,2064.0,0.5,0.5,0.5,,-0.0,2.4000015258789062,0.0,0.0,0.0,0.0
24560,358.945068359375,0.0,1996.0,1914.0,1867.0,0.5,0.5,0.5,,-0.0,2.4000015258789062,0.0,0.0,0.0,0.0
24564,358.945068359375,0.0,2211.0,1846.0,1716.0,0.5,0.5,0.5,,-0.0,2.4000015258789062,0.0,0.0,0.0,0.0
24568,358.945068359375,0.0,2441.0,1961.0,1935.0,0.5,0.5,0.5,,-0.0,2.4000015258789062,0.0,0.0,0.0,0.0
24572,358.945068359375,0.0,2445.0,2048.0,2054.0,0.5,0.5,0.5,,-0.0,2.4000015258789062,0.0,0.0,0.0,0.0
24576,358.945068359375,0.0,2004.0,1920.0,1872.0,0.5,0.5,0.5,,-0.0,2.4000015258789062,0.0,0.0,0.0,0.0
24580,358.945068359375,0.0,2438.0,1952.0,1923.0,0.5,0.5,0.5,,-0.0,2.4000015258789062,0.0,0.0,0.0,0.0
24584,358.945068359375,0.0,2442.0,2050.0,2054.0,0.5,0.5,0.5,,-0.0,2.4000015258789062,0.0,0.0,0.0,0.0
24588,358.945068359375,0.0,2015.0,1921.0,1868.0,0.5,0.5,0.5,,-0.0,2.4000015258789062,0.0,0.0,0.0,0.0
24592,358.945068359375,0.0,2213.0,1860.0,1725.0,0.5,0.5,0.5,,-0.0,2.4000015258789062,0.0,0.0,0.0,0.0
24596,358.945068359375,0.0,2423.0,1946.0,1919.0,0.5,0.5,0.5,,-0.0,2.4000015258789062,0.0,0.0,0.0,0.0
24600,358.945068359375,0.0,2443.0,2054.0,2060.0,0.5,0.5,0.5,,-0.0,2.4000015258789062,0.0,0.0,0.0,0.0
24604,358.945068359375,0.0,2212.0,1857.0,1720.0,0.5,0.5,0.5,,-0.0,2.4000015258789062,0.0,0.0,0.0,0.0
24608,358.945068359375,0.0,2431.0,1956.0,1931.0,0.5,0.5,0.5,,-0.0,2.4000015258789062,0.0,0.0,0.0,0.0
24612,358.945068359375,0.0,2437.0,2049.0,2061.0,0.5,0.5,0.5,,-0.0,2.4000015258789062,0.0,0.0,0.0,0.0
24616,358.945068359375,0.0,1999.0,1916.0,1868.0,0.5,0.5,0.5,,-0.0,2.4000015258789062,0.0,0.0,0.0,0.0
24620,358.945068359375,0.0,2212.0,1860.0,1725.0,0.5,0.5,0.5,,-0.0,2.4000015258789062,0.0,0.0,0.0,0.0
24624,358.945068359375,0.0,2432.0,1945.0,1920.0,0.5,0.5,0.5,,-0.0,2.4000015258789062,0.0,0.0,0.0,0.0
24628,358.945068359375,0.0,2443.0,2062.0,2062.0,0.5,0.5,0.5,,-0.0,2.4000015258789062,0.0,0.0,0.0,0.0
24632,358.945068359375,0.0,2193.0,1859.0,1728.0,0.5,0.5,0.5,,-0.0,2.4000015258789062,0.0,0.0,0.0,0.0
24636,358.945068359375,0.0,2439.0,1954.0,1928.0,0.5,0.5,0.5,,-0.0,2.4000015258789062,0.0,0.0,0.0,0.0
24640,358.945068359375,0.0,2442.0,2044.0,2057.0,0.5,0.5,0.5,,-0.0,2.4000015258789062,0.0,0.0,0.0,0.0
24644,358.945068359375,0.0,2001.0,1919.0,1870.0,0.5,0.5,0.5,,-0.0,2.4000015258789062,0.0,0.0,0.0,0.0
24648,358.945068359375,0.0,2217.0,1861.0,1728.0,0.5,0.5,0.5,,-0.0,2.4000015258789062,0.0,0.0,0.0,0.0
24652,358.945068359375,0.0,2439.0,1958.0,1931.0,0.5,0.5,0.5,,-0.0,2.4000015258789062,0.0,0.0,0.0,0.0
24656,358.945068359375,0.0,2442.0,2045.0,2056.0,0.5,0.5,0.5,,-0.0,2.4000015258789062,0.0,0.0,0.0,0.0
24660,358.945068359375,0.0,2223.0,1860.0,1724.0,0.5,0.5,0.5,,-0.0,2.4000015258789062,0.0,0.0,0.0,0.0
24664,358.945068359375,0.0,2436.0,1954.0,1929.0,0.5,0.5,0.5,,-0.0,2.4000015258789062,0.0,0.0,0.0,0.0
24668,358.945068359375,0.0,2445.0,2044.0,2056.0,0.5,0.5,0.5,,-0.0,2.4000015258789062,0.0,0.0,0.0,0.0
24672,358.945068359375,0.0,1992.0,1917.0,1869.0,0.5,0.5,0.5,,-0.0,2.4000015258789062,0.0,0.0,0.0,0.0
24676,358.945068359375,0.0,2215.0,1861.0,1727.0,0.5,0.5,0.5,,-0.0,2.4000015258789062,0.0,0.0,0.0,0.0
24680,358.945068359375,0.0,2438.0,1955.0,1929.0,0.5,0.5,0.5,,-0.0,2.4000015258789062,0.0,0.0,0.0,0.0
24684,358.945068359375,0.0,2439.0,2044.0,2050.0,0.5,0.5,0.5,,-0.0,2.4000015258789062,0.0,0.0,0.0,0.0
24688,358.945068359375,0.0,2215.0,1863.0,1727.0,0.5,0.5,0.5,,-0.0,2.4000015258789062,0.0,0.0,0.0,0.0
24692,358.945068359375,0.0,2434.0,1948.0,1923.0,0.5,0.5,0.5,,-0.0,2.4000015258789062,0.0,0.0,0.0,0.0
24696,358.945068359375,0.0,2447.0,2045.0,2051.0,0.5,0.5,0.5,,-0.0,2.4000015258789062,0.0,0.0,0.0,0.0
24700,358.945068359375,0.0,1995.0,1923.0,1871.0,0.5,0.5,0.5,,-0.0,2.4000015258789062,0.0,0.0,0.0,0.0
24704,358.945068359375,0.0,2198.0,1863.0,1727.0,0.5,0.5,0.5,,-0.0,2.4000015258789062,0.0,0.0,0.0,0.0
24708,358.945068359375,0.0,2428.0,1955.0,1930.0,0.5,0.5,0.5,,-0.0,2.4000015258789062,0.0,0.0,0.0,0.0
24712,358.945068359375,0.0,2438.0,2047.0,2051.0,0.5,0.5,0.5,,-0.0,2.4000015258789062,0.0,0.0,0.0,0.0
24716,358.945068359375,0.0,2212.0,1863.0,1731.0,0.5,0.5,0.5,,-0.0,2.4000015258789062,0.0,0.0,0.0,0.0
24720,358.945068359375,0.0,2431.0,1955.0,1926.0,0.5,0.5,0.5,,-0.0,2.4000015258789062,0.0,0.0,0.0,0.0
24724,358.945068359375,0.0,2436.0,2050.0,2056.0,0.5,0.5,0.5,,-0.0,2.4000015258789062,0.0,0.0,0.0,0.0
24728,358.945068359375,0.0,1994.0,1920.0,1874.0,0.5,0.5,0.5,,-0.0,2.4000015258789062,0.0,0.0,0.0,0.0
24732,358.945068359375,0.0,2216.0,1864.0,1729.0,0.5,0.5,0.5,,-0.0,2.4000015258789062,0.0,0.0,0.0,0.0
24736,358.945068359375,0.0,2427.0,1950.0,1924.0,0.5,0.5,0.5,,-0.0,2.4000015258789062,0.0,0.0,0.0,0.0
24740,358.945068359375,0.0,2011.0,1918.0,1869.0,0.5,0.5,0.5,,-0.0,2.4000015258789062,0.0,0.0,0.0,0.0
24744,358.945068359375,0.0,2212.0,1858.0,1726.0,0.5,0.5,0.5,,-0.0,2.4000015258789062,0.0,0.0,0.0,0.0
24748,358.945068359375,0.0,2433.0,1956.0,1930.0,0.5,0.5,0.5,,-0.0,2.4000015258789062,0.0,0.0,0.0,0.0
24752,358.945068359375,0.0,2441.0,2048.0,2050.0,0.5,0.5,0.5,,-0.0,2.4000015258789062,0.0,0.0,0.0,0.0
24756,358.945068359375,0.0,1999.0,1922.0,1871.0,0.5,0.5,0.5,,-0.0,2.4000015258789062,0.0,0.0,0.0,0.0
24760,358.945068359375,0.0,2210.0,1863.0,1726.0,0.5,0.5,0.5,,-0.0,2.4000015258789062,0.0,0.0,0.0,0.0
24764,358.945068359375,0.0,2423.0,1953.0,1925.0,0.5,0.5,0.5,,-0.0,2.4000015258789062,0.0,0.0,0.0,0.0
24768,358.945068359375,0.0,1992.0,1914.0,1869.0,0.5,0.5,0.5,,-0.0,2.4000015258789062,0.0,0.0,0.0,0.0
24772,358.945068359375,0.0,2203.0,1862.0,1729.0,0.5,0.5,0.5,,-0.0,2.4000015258789062,0.0,0.0,0.0,0.0
24776,358.945068359375,0.0,2435.0,1949.0,1927.0,0.5,0.5,0.5,,-0.0,2.4000015258789062,0.0,0.0,0.0,0.0
24780,358.945068359375,0.0,2449.0,2032.0,2041.0,0.5,0.5,0.5,,-0.0,2.4000015258789062,0.0,0.0,0.0,0.0
24784,358.945068359375,0.0,1998.0,1920.0,1869.0,0.5,0.5,0.5,,-0.0,2.4000015258789062,0.0,0.0,0.0,0.0
24788,358.945068359375,0.0,2196.0,1861.0,1725.0,0.5,0.5,0.5,,-0.0,2.4000015258789062,0.0,0.0,0.0,0.0
24792,358.945068359375,0.0,2430.0,1943.0,1917.0,0.5,0.5,0.5,,-0.0,2.4000015258789062,0.0,0.0,0.0,0.0
24796,358.945068359375,0.0,1987.0,1919.0,1869.0,0.5,0.5,0.5,,-0.0,2.4000015258789062,0.0,0.0,0.0,0.0
24800,358.945068359375,0.0,2200.0,1856.0,1724.0,0.5,0.5,0.5,,-0.0,2.4000015258789062,0.0,0.0,0.0,0.0
24804,358.945068359375,0.0,2435.0,1952.0,1928.0,0.5,0.5,0.5,,-0.0,2.4000015258789062,0.0,0.0,0.0,0.0
24808,358.945068359375,0.0,2445.0,2048.0,2056.0,0.5,0.5,0.5,,-0.0,2.4000015258789062,0.0,0.0,0.0,0.0
24812,358.945068359375,0.0,2003.0,1920.0,1872.0,0.5,0.5,0.5,,-0.0,2.4000015258789062,0.0,0.0,0.0,0.0
24816,358.945068359375,0.0,2222.0,1862.0,1727.0,0.5,0.5,0.5,,-0.0,2.4000015258789062,0.0,0.0,0.0,0.0
24820,358.945068359375,0.0,2425.0,1950.0,1923.0,0.5,0.5,0.5,,-0.0,2.4000015258789062,0.0,0.0,0.0,0.0
24824,358.945068359375,0.0,1995.0,1918.0,1870.0,0.5,0.5,0.5,,-0.0,2.4000015258789062,0.0,0.0,0.0,0.0
24828,358.945068359375,0.0,2207.0,1863.0,1731.0,0.5,0.5,0.5,,-0.0,2.4000015258789062,0.0,0.0,0.0,0.0
24832,358.945068359375,0.0,2438.0,1955.0,1928.0,0.5,0.5,0.5,,-0.0,2.4000015258789062,0.0,0.0,0.0,0.0
24836,358.945068359375,0.0,2454.0,2044.0,2056.0,0.5,0.5,0.5,,-0.0,2.4000015258789062,0.0,0.0,0.0,0.0
24840,358.945068359375,0.0,1997.0,1918.0,1867.0,0.5,0.5,0.5,,-0.0,2.4000015258789062,0.0,0.0,0.0,0.0
24844,358.945068359375,0.0,2211.0,1860.0,1728.0,0.5,0.5,0.5,,-0.0,2.4000015258789062,0.0,0.0,0.0,0.0
24848,358.945068359375,0.0,2440.0,1956.0,1927.0,0.5,0.5,0.5,,-0.0,2.4000015258789062,0.0,0.0,0.0,0.0
25656,358.945068359375,0.0,2431.0,1952.0,1929.0,0.5,0.5,0.5,,-0.0,2.4000015258789062,0.0,0.0,0.0,0.0
25660,358.945068359375,0.0,2439.0,2050.0,2060.0,0.5,0.5,0.5,,-0.0,2.4000015258789062,0.0,0.0,0.0,0.0
25664,358.945068359375,0.0,1987.0,1920.0,1869.0,0.5,0.5,0.5,,-0.0,2.4000015258789062,0.0,0.0,0.0,0.0
25668,358.945068359375,0.0,2431.0,1952.0,1932.0,0.5,0.5,0.5,,-0.0,2.4000015258789062,0.0,0.0,0.0,0.0
25672,358.945068359375,0.0,2450.0,2058.0,2066.0,0.5,0.5,0.5,,-0.0,2.4000015258789062,0.0,0.0,0.0,0.0
25676,358.945068359375,0.0,1975.0,1911.0,1865.0,0.5,0.5,0.5,,-0.0,2.4000015258789062,0.0,0.0,0.0,0.0
25680,358.945068359375,0.0,2212.0,1879.0,1736.0,0.5,0.5,0.5,,-0.0,2.4000015258789062,0.0,0.0,0.0,0.0
25684,358.945068359375,0.0,2422.0,1952.0,1929.0,0.5,0.5,0.5,,-0.0,2.4000015258789062,0.0,0.0,0.0,0.0
25688,358.945068359375,0.0,2447.0,2056.0,2065.0,0.5,0.5,0.5,,-0.0,2.4000015258789062,0.0,0.0,0.0,0.0
25692,358.945068359375,0.0,1989.0,1915.0,1867.0,0.5,0.5,0.5,,-0.0,2.4000015258789062,0.0,0.0,0.0,0.0
25696,358.945068359375,0.0,2423.0,1950.0,1924.0,0.5,0.5,0.5,,-0.0,2.4000015258789062,0.0,0.0,0.0,0.0
25700,358.945068359375,0.0,2447.0,2057.0,2065.0,0.5,0.5,0.5,,-0.0,2.4000015258789062,0.0,0.0,0.0,0.0
25704,358.945068359375,0.0,1997.0,1918.0,1868.0,0.5,0.5,0.5,,-0.0,2.4000015258789062,0.0,0.0,0.0,0.0
25708,358.945068359375,0.0,2210.0,1860.0,1728.0,0.5,0.5,0.5,,-0.0,2.4000015258789062,0.0,0.0,0.0,0.0
25712,358.945068359375,0.0,2433.0,1947.0,1929.0,0.5,0.5,0.5,,-0.0,2.4000015258789062,0.0,0.0,0.0,0.0
25716,358.945068359375,0.0,2438.0,2050.0,2064.0,0.5,0.5,0.5,,-0.0,2.4000015258789062,0.0,0.0,0.0,0.0
25720,358.945068359375,0.0,2003.0,1920.0,1872.0,0.5,0.5,0.5,,-0.0,2.4000015258789062,0.0,0.0,0.0,0.0
25724,358.945068359375,0.0,2422.0,1956.0,1935.0,0.5,0.5,0.5,,-0.0,2.4000015258789062,0.0,0.0,0.0,0.0
25728,358.945068359375,0.0,2439.0,2071.0,2079.0,0.5,0.5,0.5,,-0.0,2.4000015258789062,0.0,0.0,0.0,0.0
25732,358.945068359375,0.0,1985.0,1913.0,1866.0,0.5,0.5,0.5,,-0.0,2.4000015258789062,0.0,0.0,0.0,0.0
25736,358.945068359375,0.0,2198.0,1862.0,1730.0,0.5,0.5,0.5,,-0.0,2.4000015258789062,0.0,0.0,0.0,0.0
25740,358.945068359375,0.0,2423.0,1947.0,1926.0,0.5,0.5,0.5,,-0.0,2.4000015258789062,0.0,0.0,0.0,0.0
25744,358.945068359375,0.0,2455.0,2059.0,2068.0,0.5,0.5,0.5,,-0.0,2.4000015258789062,0.0,0.0,0.0,0.0
25748,358.945068359375,0.0,1990.0,1917.0,1870.0,0.5,0.5,0.5,,-0.0,2.4000015258789062,0.0,0.0,0.0,0.0
25752,358.945068359375,0.0,2431.0,1950.0,1933.0,0.5,0.5,0.5,,-0.0,2.4000015258789062,0.0,0.0,0.0,0.0
25756,358.945068359375,0.0,2455.0,2038.0,2056.0,0.5,0.5,0.5,,-0.0,2.4000015258789062,0.0,0.0,0.0,0.0
25760,358.945068359375,0.0,1986.0,1917.0,1869.0,0.5,0.5,0.5,,-0.0,2.4000015258789062,0.0,0.0,0.0,0.0
25764,358.945068359375,0.0,2198.0,1864.0,1729.0,0.5,0.5,0.5,,-0.0,2.4000015258789062,0.0,0.0,0.0,0.0
25768,358.945068359375,0.0,2431.0,1953.0,1933.0,0.5,0.5,0.5,,-0.0,2.4000015258789062,0.0,0.0,0.0,0.0
25772,358.945068359375,0.0,2441.0,2065.0,2073.0,0.5,0.5,0.5,,-0.0,2.4000015258789062,0.0,0.0,0.0,0.0
25776,358.945068359375,0.0,1989.0,1917.0,1869.0,0.5,0.5,0.5,,-0.0,2.4000015258789062,0.0,0.0,0.0,0.0
25780,358.945068359375,0.0,2429.0,1944.0,1924.0,0.5,0.5,0.5,,-0.0,2.4000015258789062,0.0,0.0,0.0,0.0
25784,358.945068359375,0.0,2437.0,2056.0,2070.0,0.5,0.5,0.5,,-0.0,2.4000015258789062,0.0,0.0,0.0,0.0
25788,358.945068359375,0.0,2010.0,1917.0,1867.0,0.5,0.5,0.5,,-0.0,2.4000015258789062,0.0,0.0,0.0,0.0
25792,358.945068359375,0.0,2193.0,1861.0,1727.0,0.5,0.5,0.5,,-0.0,2.4000015258789062,0.0,0.0,0.0,0.0
25796,358.945068359375,0.0,2433.0,1955.0,1934.0,0.5,0.5,0.5,,-0.0,2.4000015258789062,0.0,0.0,0.0,0.0
25800,358.945068359375,0.0,2439.0,2057.0,2070.0,0.5,0.5,0.5,,-0.0,2.4000015258789062,0.0,0.0,0.0,0.0
25804,358.945068359375,0.0,1994.0,1917.0,1869.0,0.5,0.5,0.5,,-0.0,2.4000015258789062,0.0,0.0,0.0,0.0
25808,358.945068359375,0.0,2438.0,1956.0,1932.0,0.5,0.5,0.5,,-0.0,2.4000015258789062,0.0,0.0,0.0,0.0
25812,358.945068359375,0.0,2444.0,2053.0,2064.0,0.5,0.5,0.5,,-0.0,2.4000015258789062,0.0,0.0,0.0,0.0
25816,358.945068359375,0.0,1990.0,1910.0,1861.0,0.5,0.5,0.5,,-0.0,2.4000015258789062,0.0,0.0,0.0,0.0
25820,358.945068359375,0.0,2176.0,1859.0,1726.0,0.5,0.5,0.5,,-0.0,2.4000015258789062,0.0,0.0,0.0,0.0
25824,358.945068359375,0.0,2430.0,1941.0,1926.0,0.5,0.5,0.5,,-0.0,2.4000015258789062,0.0,0.0,0.0,0.0
25828,358.945068359375,0.0,2440.0,2051.0,2066.0,0.5,0.5,0.5,,-0.0,2.4000015258789062,0.0,0.0,0.0,0.0
25832,358.945068359375,0.0,2199.0,1861.0,1724.0,0.5,0.5,0.5,,-0.0,2.4000015258789062,0.0,0.0,0.0,0.0
25836,358.945068359375,0.0,2429.0,1967.0,1937.0,0.5,0.5,0.5,,-0.0,2.4000015258789062,0.0,0.0,0.0,0.0
25840,358.945068359375,0.0,2445.0,2064.0,2067.0,0.5,0.5,0.5,,-0.0,2.4000015258789062,0.0,0.0,0.0,0.0
25844,358.945068359375,0.0,1989.0,1920.0,1870.0,0.5,0.5,0.5,,-0.0,2.4000015258789062,0.0,0.0,0.0,0.0
25848,358.945068359375,0.0,2199.0,1859.0,1723.0,0.5,0.5,0.5,,-0.0,2.4000015258789062,0.0,0.0,0.0,0.0
25852,358.945068359375,0.0,2439.0,1957.0,1936.0,0.5,0.5,0.5,,-0.0,2.4000015258789062,0.0,0.0,0.0,0.0
25856,358.945068359375,0.0,2434.0,2051.0,2060.0,0.5,0.5,0.5,,-0.0,2.4000015258789062,0.0,0.0,0.0,0.0
25860,358.945068359375,0.0,2195.0,1861.0,1726.0,0.5,0.5,0.5,,-0.0,2.4000015258789062,0.0,0.0,0.0,0.0
25864,358.945068359375,0.0,2436.0,1957.0,1936.0,0.5,0.5,0.5,,-0.0,2.4000015258789062,0.0,0.0,0.0,0.0
25868,358.945068359375,0.0,2444.0,2051.0,2061.0,0.5,0.5,0.5,,-0.0,2.4000015258789062,0.0,0.0,0.0,0.0
25872,358.945068359375,0.0,2005.0,1917.0,1870.0,0.5,0.5,0.5,,-0.0,2.4000015258789062,0.0,0.0,0.0,0.0
25876,358.945068359375,0.0,2197.0,1860.0,1725.0,0.5,0.5,0.5,,-0.0,2.4000015258789062,0.0,0.0,0.0,0.0
25880,358.945068359375,0.0,2421.0,1954.0,1930.0,0.5,0.5,0.5,,-0.0,2.4000015258789062,0.0,0.0,0.0,0.0
25884,358.945068359375,0.0,2446.0,2048.0,2059.0,0.5,0.5,0.5,,-0.0,2.4000015258789062,0.0,0.0,0.0,0.0
25888,358.945068359375,0.0,2203.0,1860.0,1726.0,0.5,0.5,0.5,,-0.0,2.4000015258789062,0.0,0.0,0.0,0.0
25892,358.945068359375,0.0,2433.0,1954.0,1928.0,0.5,0.5,0.5,,-0.0,2.4000015258789062,0.0,0.0,0.0,0.0
25896,358.945068359375,0.0,2447.0,2051.0,2060.0,0.5,0.5,0.5,,-0.0,2.4000015258789062,0.0,0.0,0.0,0.0
25900,358.945068359375,0.0,1994.0,1920.0,1872.0,0.5,0.5,0.5,,-0.0,2.4000015258789062,0.0,0.0,0.0,0.0
25904,358.945068359375,0.0,2195.0,1862.0,1727.0,0.5,0.5,0.5,,-0.0,2.4000015258789062,0.0,0.0,0.0,0.0
25908,358.945068359375,0.0,2429.0,1958.0,1930.0,0.5,0.5,0.5,,-0.0,2.4000015258789062,0.0,0.0,0.0,0.0
25912,358.945068359375,0.0,2443.0,2038.0,2052.0,0.5,0.5,0.5,,-0.0,2.4000015258789062,0.0,0.0,0.0,0.0
25916,358.945068359375,0.0,2201.0,1860.0,1728.0,0.5,0.5,0.5,,-0.0,2.4000015258789062,0.0,0.0,0.0,0.0
25920,358.945068359375,0.0,2437.0,1956.0,1932.0,0.5,0.5,0.5,,-0.0,2.4000015258789062,0.0,0.0,0.0,0.0
25924,358.945068359375,0.0,2436.0,2039.0,2051.0,0.5,0.5,0.5,,-0.0,2.4000015258789062,0.0,0.0,0.0,0.0
25928,358.945068359375,0.0,1986.0,1913.0,1867.0,0.5,0.5,0.5,,-0.0,2.4000015258789062,0.0,0.0,0.0,0.0
25932,358.945068359375,0.0,2198.0,1860.0,1726.0,0.5,0.5,0.5,,-0.0,2.4000015258789062,0.0,0.0,0.0,0.0
25936,358.945068359375,0.0,2436.0,1964.0,1940.0,0.5,0.5,0.5,,-0.0,2.4000015258789062,0.0,0.0,0.0,0.0
25940,358.945068359375,0.0,2442.0,2043.0,2058.0,0.5,0.5,0.5,,-0.0,2.4000015258789062,0.0,0.0,0.0,0.0
25944,358.945068359375,0.0,2208.0,1866.0,1732.0,0.5,0.5,0.5,,-0.0,2.4000015258789062,0.0,0.0,0.0,0.0
25948,358.945068359375,0.0,2431.0,1952.0,1925.0,0.5,0.5,0.5,,-0.0,2.4000015258789062,0.0,0.0,0.0,0.0
25952,358.945068359375,0.0,2449.0,2041.0,2054.0,0.5,0.5,0.5,,-0.0,2.4000015258789062,0.0,0.0,0.0,0.0
25956,358.945068359375,0.0,1994.0,1916.0,1865.0,0.5,0.5,0.5,,-0.0,2.4000015258789062,0.0,0.0,0.0,0.0
25960,358.945068359375,0.0,2205.0,1857.0,1726.0,0.5,0.5,0.5,,-0.0,2.4000015258789062,0.0,0.0,0.0,0.0
25964,358.945068359375,0.0,2439.0,1957.0,1931.0,0.5,0.5,0.5,,-0.0,2.4000015258789062,0.0,0.0,0.0,0.0
25968,358.945068359375,0.0,2439.0,2040.0,2050.0,0.5,0.5,0.5,,-0.0,2.4000015258789062,0.0,0.0,0.0,0.0
25972,358.945068359375,0.0,2207.0,1860.0,1728.0,0.5,0.5,0.5,,-0.0,2.4000015258789062,0.0,0.0,0.0,0.0
25976,358.945068359375,0.0,2429.0,1954.0,1926.0,0.5,0.5,0.5,,-0.0,2.4000015258789062,0.0,0.0,0.0,0.0
25980,358.945068359375,0.0,2459.0,2043.0,2054.0,0.5,0.5,0.5,,-0.0,2.4000015258789062,0.0,0.0,0.0,0.0
25984,358.945068359375,0.0,1997.0,1919.0,1864.0,0.5,0.5,0.5,,-0.0,2.4000015258789062,0.0,0.0,0.0,0.0
25988,358.945068359375,0.0,2199.0,1857.0,1728.0,0.5,0.5,0.5,,-0.0,2.4000015258789062,0.0,0.0,0.0,0.0
25992,358.945068359375,0.0,2423.0,1949.0,1924.0,0.5,0.5,0.5,,-0.0,2.4000015258789062,0.0,0.0,0.0,0.0
25996,358.945068359375,0.0,1987.0,1914.0,1867.0,0.5,0.5,0.5,,-0.0,2.4000015258789062,0.0,0.0,0.0,0.0
26000,358.945068359375,0.0,2206.0,1861.0,1727.0,0.5,0.5,0.5,,-0.0,2.4000015258789062,0.0,0.0,0.0,0.0
26004,358.945068359375,0.0,2429.0,1959.0,1932.0,0.5,0.5,0.5,,-0.0,2.4000015258789062,0.0,0.0,0.0,0.0
26008,358.945068359375,0.0,2445.0,2038.0,2052.0,0.5,0.5,0.5,,-0.0,2.4000015258789062,0.0,0.0,0.0,0.0
26012,358.945068359375,0.0,1995.0,1915.0,1867.0,0.5,0.5,0.5,,-0.0,2.4000015258789062,0.0,0.0,0.0,0.0
26016,358.945068359375,0.0,2200.0,1862.0,1730.0,0.5,0.5,0.5,,-0.0,2.4000015258789062,0.0,0.0,0.0,0.0
26020,358.945068359375,0.0,2424.0,1942.0,1916.0,0.5,0.5,0.5,,-0.0,2.4000015258789062,0.0,0.0,0.0,0.0
26024,358.945068359375,0.0,1990.0,1916.0,1868.0,0.5,0.5,0.5,,-0.0,2.4000015258789062,0.0,0.0,0.0,0.0
26028,358.945068359375,0.0,2187.0,1859.0,1725.0,0.5,0.5,0.5,,-0.0,2.4000015258789062,0.0,0.0,0.0,0.0
26032,358.945068359375,0.0,2428.0,1960.0,1933.0,0.5,0.5,0.5,,-0.0,2.4000015258789062,0.0,0.0,0.0,0.0
26036,358.945068359375,0.0,2444.0,2049.0,2052.0,0.5,0.5,0.5,,-0.0,2.4000015258789062,0.0,0.0,0.0,0.0
26040,358.945068359375,0.0,1994.0,1917.0,1872.0,0.5,0.5,0.5,,-0.0,2.4000015258789062,0.0,0.0,0.0,0.0
26044,358.945068359375,0.0,2211.0,1862.0,1728.0,0.5,0.5,0.5,,-0.0,2.4000015258789062,0.0,0.0,0.0,0.0
26048,358.945068359375,0.0,2411.0,1951.0,1918.0,0.5,0.5,0.5,,-0.0,2.4000015258789062,0.0,0.0,0.0,0.0
26052,358.945068359375,0.0,1993.0,1915.0,1866.0,0.5,0.5,0.5,,-0.0,2.4000015258789062,0.0,0.0,0.0,0.0
26056,358.945068359375,0.0,2199.0,1861.0,1727.0,0.5,0.5,0.5,,-0.0,2.4000015258789062,0.0,0.0,0.0,0.0
26060,358.945068359375,0.0,2431.0,1954.0,1930.0,0.5,0.5,0.5,,-0.0,2.4000015258789062,0.0,0.0,0.0,0.0
26064,358.945068359375,0.0,2464.0,2044.0,2054.0,0.5,0.5,0.5,,-0.0,2.4000015258789062,0.0,0.0,0.0,0.0
26068,358.945068359375,0.0,1993.0,1918.0,1866.0,0.5,0.5,0.5,,-0.0,2.4000015258789062,0.0,0.0,0.0,0.0
26072,358.945068359375,0.0,2202.0,1860.0,1729.0,0.5,0.5,0.5,,-0.0,2.4000015258789062,0.0,0.0,0.0,0.0
26076,358.945068359375,0.0,2434.0,1959.0,1935.0,0.5,0.5,0.5,,-0.0,2.4000015258789062,0.0,0.0,0.0,0.0
26080,359.032958984375,175.78123474121094,1997.0,1919.0,1868.0,0.5,0.5,0.5,,-0.0,2.4000015258789062,0.0,0.0,0.0,0.0
26084,358.945068359375,-175.78123474121094,2193.0,1858.0,1725.0,0.5,0.5,0.5,,-0.0,2.4000015258789062,0.0,0.0,0.0,0.0
26088,358.945068359375,0.0,2430.0,1954.0,1928.0,0.5,0.5,0.5,,-0.0,2.4000015258789062,0.0,0.0,0.0,0.0
26092,358.945068359375,0.0,2444.0,2044.0,2054.0,0.5,0.5,0.5,,-0.0,2.4000015258789062,0.0,0.0,0.0,0.0
26096,358.945068359375,0.0,1983.0,1917.0,1868.0,0.5,0.5,0.5,,-0.0,2.4000015258789062,0.0,0.0,0.0,0.0
26100,358.945068359375,0.0,2198.0,1860.0,1725.0,0.5,0.5,0.5,,-0.0,2.4000015258789062,0.0,0.0,0.0,0.0
26104,358.945068359375,0.0,2430.0,1955.0,1927.0,0.5,0.5,0.5,,-0.0,2.4000015258789062,0.0,0.0,0.0,0.0
26108,358.945068359375,0.0,1973.0,1915.0,1867.0,0.5,0.5,0.5,,-0.0,2.4000015258789062,0.0,0.0,0.0,0.0
26112,358.945068359375,0.0,2201.0,1861.0,1728.0,0.5,0.5,0.5,,-0.0,2.4000015258789062,0.0,0.0,0.0,0.0
26116,358.945068359375,0.0,2429.0,1955.0,1930.0,0.5,0.5,0.5,,-0.0,2.4000015258789062,0.0,0.0,0.0,0.0
26120,358.945068359375,0.0,2435.0,2059.0,2059.0,0.5,0.5,0.5,,-0.0,2.4000015258789062,0.0,0.0,0.0,0.0
26124,358.945068359375,0.0,1988.0,1918.0,1867.0,0.5,0.5,0.5,,-0.0,2.4000015258789062,0.0,0.0,0.0,0.0
26128,358.945068359375,0.0,2194.0,1862.0,1729.0,0.5,0.5,0.5,,-0.0,2.4000015258789062,0.0,0.0,0.0,0.0
26132,358.945068359375,0.0,2423.0,1947.0,1921.0,0.5,0.5,0.5,,-0.0,2.4000015258789062,0.0,0.0,0.0,0.0
26136,358.945068359375,0.0,1999.0,1918.0,1872.0,0.5,0.5,0.5,,-0.0,2.4000015258789062,0.0,0.0,0.0,0.0
26140,358.945068359375,0.0,2185.0,1861.0,1729.0,0.5,0.5,0.5,,-0.0,2.4000015258789062,0.0,0.0,0.0,0.0
26144,358.945068359375,0.0,2429.0,1953.0,1930.0,0.5,0.5,0.5,,-0.0,2.4000015258789062,0.0,0.0,0.0,0.0
26148,358.945068359375,0.0,2445.0,2033.0,2048.0,0.5,0.5,0.5,,-0.0,2.4000015258789062,0.0,0.0,0.0,0.0
26152,358.945068359375,0.0,1993.0,1916.0,1869.0,0.5,0.5,0.5,,-0.0,2.4000015258789062,0.0,0.0,0.0,0.0
26156,358.945068359375,0.0,2202.0,1864.0,1726.0,0.5,0.5,0.5,,-0.0,2.4000015258789062,0.0,0.0,0.0,0.0
26160,358.945068359375,0.0,2444.0,2048.0,2057.0,0.5,0.5,0.5,,-0.0,2.4000015258789062,0.0,0.0,0.0,0.0
26164,358.945068359375,0.0,1993.0,1918.0,1866.0,0.5,0.5,0.5,,-0.0,2.4000015258789062,0.0,0.0,0.0,0.0
26168,358.945068359375,0.0,2201.0,1873.0,1736.0,0.5,0.5,0.5,,-0.0,2.4000015258789062,0.0,0.0,0.0,0.0
26172,358.945068359375,0.0,2429.0,1953.0,1928.0,0.5,0.5,0.5,,-0.0,2.4000015258789062,0.0,0.0,0.0,0.0
26176,358.945068359375,0.0,2451.0,2042.0,2049.0,0.5,0.5,0.5,,-0.0,2.4000015258789062,0.0,0.0,0.0,0.0
26180,358.945068359375,0.0,1997.0,1920.0,1868.0,0.5,0.5,0.5,,-0.0,2.4000015258789062,0.0,0.0,0.0,0.0
26184,358.945068359375,0.0,2194.0,1862.0,1731.0,0.5,0.5,0.5,,-0.0,2.4000015258789062,0.0,0.0,0.0,0.0
26188,358.945068359375,0.0,2448.0,2042.0,2050.0,0.5,0.5,0.5,,-0.0,2.4000015258789062,0.0,0.0,0.0,0.0
26192,358.945068359375,0.0,1996.0,1918.0,1869.0,0.5,0.5,0.5,,-0.0,2.4000015258789062,0.0,0.0,0.0,0.0
26196,358.945068359375,0.0,2203.0,1863.0,1728.0,0.5,0.5,0.5,,-0.0,2.4000015258789062,0.0,0.0,0.0,0.0
26200,358.945068359375,0.0,2423.0,1955.0,1927.0,0.5,0.5,0.5,,-0.0,2.4000015258789062,0.0,0.0,0.0,0.0
26204,358.945068359375,0.0,2439.0,2038.0,2050.0,0.5,0.5,0.5,,-0.0,2.4000015258789062,0.0,0.0,0.0,0.0
26208,358.945068359375,0.0,1990.0,1933.0,1877.0,0.5,0.5,0.5,,-0.0,2.4000015258789062,0.0,0.0,0.0,0.0
26212,358.945068359375,0.0,2188.0,1856.0,1727.0,0.5,0.5,0.5,,-0.0,2.4000015258789062,0.0,0.0,0.0,0.0
26216,358.945068359375,0.0,2450.0,2041.0,2056.0,0.5,0.5,0.5,,-0.0,2.4000015258789062,0.0,0.0,0.0,0.0
26220,358.945068359375,0.0,1985.0,1919.0,1869.0,0.5,0.5,0.5,,-0.0,2.4000015258789062,0.0,0.0,0.0,0.0
26224,358.945068359375,0.0,2202.0,1859.0,1726.0,0.5,0.5,0.5,,-0.0,2.4000015258789062,0.0,0.0,0.0,0.0
26228,358.945068359375,0.0,2439.0,1958.0,1931.0,0.5,0.5,0.5,,-0.0,2.4000015258789062,0.0,0.0,0.0,0.0
26232,358.945068359375,0.0,2433.0,2043.0,2049.0,0.5,0.5,0.5,,-0.0,2.4000015258789062,0.0,0.0,0.0,0.0
26236,358.945068359375,0.0,1991.0,1914.0,1866.0,0.5,0.5,0.5,,-0.0,2.4000015258789062,0.0,0.0,0.0,0.0
26240,358.945068359375,0.0,2205.0,1863.0,1731.0,0.5,0.5,0.5,,-0.0,2.4000015258789062,0.0,0.0,0.0,0.0
26244,358.945068359375,0.0,2445.0,2042.0,2055.0,0.5,0.5,0.5,,-0.0,2.4000015258789062,0.0,0.0,0.0,0.0
26248,358.945068359375,0.0,2002.0,1916.0,1869.0,0.5,0.5,0.5,,-0.0,2.4000015258789062,0.0,0.0,0.0,0.0
26252,358.945068359375,0.0,2208.0,1861.0,1726.0,0.5,0.5,0.5,,-0.0,2.4000015258789062,0.0,0.0,0.0,0.0
26256,358.945068359375,0.0,2419.0,1956.0,1927.0,0.5,0.5,0.5,,-0.0,2.4000015258789062,0.0,0.0,0.0,0.0
26260,358.945068359375,0.0,2446.0,2041.0,2049.0,0.5,0.5,0.5,,-0.0,2.4000015258789062,0.0,0.0,0.0,0.0
26264,358.945068359375,0.0,2008.0,1914.0,1866.0,0.5,0.5,0.5,,-0.0,2.4000015258789062,0.0,0.0,0.0,0.0
26268,358.945068359375,0.0,2208.0,1868.0,1732.0,0.5,0.5,0.5,,-0.0,2.4000015258789062,0.0,0.0,0.0,0.0
26272,358.945068359375,0.0,2459.0,2043.0,2049.0,0.5,0.5,0.5,,-0.0,2.4000015258789062,0.0,0.0,0.0,0.0
26276,358.945068359375,0.0,1995.0,1916.0,1865.0,0.5,0.5,0.5,,-0.0,2.4000015258789062,0.0,0.0,0.0,0.0
26280,358.945068359375,0.0,2183.0,1858.0,1725.0,0.5,0.5,0.5,,-0.0,2.4000015258789062,0.0,0.0,0.0,0.0
26284,358.945068359375,0.0,2436.0,1955.0,1932.0,0.5,0.5,0.5,,-0.0,2.4000015258789062,0.0,0.0,0.0,0.0
26288,358.945068359375,0.0,2443.0,2028.0,2048.0,0.5,0.5,0.5,,-0.0,2.4000015258789062,0.0,0.0,0.0,0.0
26292,358.945068359375,0.0,1993.0,1918.0,1868.0,0.5,0.5,0.5,,-0.0,2.4000015258789062,0.0,0.0,0.0,0.0
26296,358.945068359375,0.0,2417.0,1952.0,1927.0,0.5,0.5,0.5,,-0.0,2.4000015258789062,0.0,0.0,0.0,0.0
26300,358.945068359375,0.0,2445.0,2042.0,2051.0,0.5,0.5,0.5,,-0.0,2.4000015258789062,0.0,0.0,0.0,0.0
26304,358.945068359375,0.0,2002.0,1917.0,1867.0,0.5,0.5,0.5,,-0.0,2.4000015258789062,0.0,0.0,0.0,0.0
26308,358.945068359375,0.0,2209.0,1861.0,1730.0,0.5,0.5,0.5,,-0.0,2.4000015258789062,0.0,0.0,0.0,0.0
26312,358.945068359375,0.0,2415.0,1947.0,1922.0,0.5,0.5,0.5,,-0.0,2.4000015258789062,0.0,0.0,0.0,0.0
26316,358.945068359375,0.0,2442.0,2043.0,2054.0,0.5,0.5,0.5,,-0.0,2.4000015258789062,0.0,0.0,0.0,0.0
26320,358.945068359375,0.0,1990.0,1916.0,1871.0,0.5,0.5,0.5,,-0.0,2.4000015258789062,0.0,0.0,0.0,0.0
26324,358.945068359375,0.0,2430.0,1954.0,1927.0,0.5,0.5,0.5,,-0.0,2.4000015258789062,0.0,0.0,0.0,0.0
26328,358.945068359375,0.0,2449.0,2044.0,2053.0,0.5,0.5,0.5,,-0.0,2.4000015258789062,0.0,0.0,0.0,0.0
26332,358.945068359375,0.0,1995.0,1905.0,1861.0,0.5,0.5,0.5,,-0.0,2.4000015258789062,0.0,0.0,0.0,0.0
26336,358.945068359375,0.0,2197.0,1861.0,1728.0,0.5,0.5,0.5,,-0.0,2.4000015258789062,0.0,0.0,0.0,0.0
26340,358.945068359375,0.0,2435.0,1950.0,1929.0,0.5,0.5,0.5,,-0.0,2.4000015258789062,0.0,0.0,0.0,0.0
26344,358.945068359375,0.0,2440.0,2043.0,2055.0,0.5,0.5,0.5,,-0.0,2.4000015258789062,0.0,0.0,0.0,0.0
26348,358.945068359375,0.0,2006.0,1916.0,1866.0,0.5,0.5,0.5,,-0.0,2.4000015258789062,0.0,0.0,0.0,0.0
26352,358.945068359375,0.0,2423.0,1951.0,1925.0,0.5,0.5,0.5,,-0.0,2.4000015258789062,0.0,0.0,0.0,0.0
26356,358.945068359375,0.0,2451.0,2042.0,2048.0,0.5,0.5,0.5,,-0.0,2.4000015258789062,0.0,0.0,0.0,0.0
26360,358.945068359375,0.0,1997.0,1918.0,1867.0,0.5,0.5,0.5,,-0.0,2.4000015258789062,0.0,0.0,0.0,0.0
26364,358.945068359375,0.0,2217.0,1861.0,1725.0,0.5,0.5,0.5,,-0.0,2.4000015258789062,0.0,0.0,0.0,0.0
26368,358.945068359375,0.0,2430.0,1958.0,1928.0,0.5,0.5,0.5,,-0.0,2.4000015258789062,0.0,0.0,0.0,0.0
26372,358.945068359375,0.0,2436.0,2030.0,2045.0,0.5,0.5,0.5,,-0.0,2.4000015258789062,0.0,0.0,0.0,0.0
26376,358.945068359375,0.0,2005.0,1917.0,1872.0,0.5,0.5,0.5,,-0.0,2.4000015258789062,0.0,0.0,0.0,0.0
26380,358.945068359375,0.0,2421.0,1955.0,1929.0,0.5,0.5,0.5,,-0.0,2.4000015258789062,0.0,0.0,0.0,0.0
26384,358.945068359375,0.0,2441.0,2040.0,2048.0,0.5,0.5,0.5,,-0.0,2.4000015258789062,0.0,0.0,0.0,0.0
26388,358.945068359375,0.0,1991.0,1922.0,1871.0,0.5,0.5,0.5,,-0.0,2.4000015258789062,0.0,0.0,0.0,0.0
26392,358.945068359375,0.0,2203.0,1862.0,1726.0,0.5,0.5,0.5,,-0.0,2.4000015258789062,0.0,0.0,0.0,0.0
26396,358.945068359375,0.0,2433.0,1960.0,1933.0,0.5,0.5,0.5,,-0.0,2.4000015258789062,0.0,0.0,0.0,0.0
26400,358.945068359375,0.0,2443.0,2043.0,2053.0,0.5,0.5,0.5,,-0.0,2.4000015258789062,0.0,0.0,0.0,0.0
26404,358.945068359375,0.0,1990.0,1916.0,1868.0,0.5,0.5,0.5,,-0.0,2.4000015258789062,0.0,0.0,0.0,0.0
26408,358.945068359375,0.0,2424.0,1952.0,1926.0,0.5,0.5,0.5,,-0.0,2.4000015258789062,0.0,0.0,0.0,0.0
26412,358.945068359375,0.0,2440.0,2042.0,2052.0,0.5,0.5,0.5,,-0.0,2.4000015258789062,0.0,0.0,0.0,0.0
26416,358.945068359375,0.0,1991.0,1920.0,1871.0,0.5,0.5,0.5,,-0.0,2.4000015258789062,0.0,0.0,0.0,0.0
26420,358.945068359375,0.0,2206.0,1862.0,1725.0,0.5,0.5,0.5,,-0.0,2.4000015258789062,0.0,0.0,0.0,0.0
26424,358.945068359375,0.0,2419.0,1953.0,1923.0,0.5,0.5,0.5,,-0.0,2.4000015258789062,0.0,0.0,0.0,0.0
26428,358.945068359375,0.0,2430.0,2039.0,2052.0,0.5,0.5,0.5,,-0.0,2.4000015258789062,0.0,0.0,0.0,0.0
26432,358.945068359375,0.0,1992.0,1916.0,1872.0,0.5,0.5,0.5,,-0.0,2.4000015258789062,0.0,0.0,0.0,0.0
26436,358.945068359375,0.0,2423.0,1947.0,1921.0,0.5,0.5,0.5,,-0.0,2.4000015258789062,0.0,0.0,0.0,0.0
26440,358.945068359375,0.0,2450.0,2032.0,2043.0,0.5,0.5,0.5,,-0.0,2.4000015258789062,0.0,0.0,0.0,0.0
26444,358.945068359375,0.0,1995.0,1917.0,1872.0,0.5,0.5,0.5,,-0.0,2.4000015258789062,0.0,0.0,0.0,0.0
26448,358.945068359375,0.0,2227.0,1872.0,1738.0,0.5,0.5,0.5,,-0.0,2.4000015258789062,0.0,0.0,0.0,0.0
27256,358.945068359375,0.0,1991.0,1908.0,1862.0,0.5,0.5,0.5,,-0.0,2.4000015258789062,0.0,0.0,0.0,0.0
27260,358.945068359375,0.0,2214.0,1864.0,1726.0,0.5,0.5,0.5,,-0.0,2.4000015258789062,0.0,0.0,0.0,0.0
27264,358.945068359375,0.0,2443.0,2054.0,2053.0,0.5,0.5,0.5,,-0.0,2.4000015258789062,0.0,0.0,0.0,0.0
27268,358.945068359375,0.0,1997.0,1902.0,1858.0,0.5,0.5,0.5,,-0.0,2.4000015258789062,0.0,0.0,0.0,0.0
27272,358.945068359375,0.0,2203.0,1862.0,1722.0,0.5,0.5,0.5,,-0.0,2.4000015258789062,0.0,0.0,0.0,0.0
27276,358.945068359375,0.0,2437.0,1949.0,1925.0,0.5,0.5,0.5,,-0.0,2.4000015258789062,0.0,0.0,0.0,0.0
27280,358.945068359375,0.0,2436.0,2045.0,2050.0,0.5,0.5,0.5,,-0.0,2.4000015258789062,0.0,0.0,0.0,0.0
27284,358.945068359375,0.0,1995.0,1918.0,1870.0,0.5,0.5,0.5,,-0.0,2.4000015258789062,0.0,0.0,0.0,0.0
27288,358.945068359375,0.0,2215.0,1862.0,1722.0,0.5,0.5,0.5,,-0.0,2.4000015258789062,0.0,0.0,0.0,0.0
27292,358.945068359375,0.0,2455.0,2053.0,2054.0,0.5,0.5,0.5,,-0.0,2.4000015258789062,0.0,0.0,0.0,0.0
27296,358.945068359375,0.0,1988.0,1922.0,1872.0,0.5,0.5,0.5,,-0.0,2.4000015258789062,0.0,0.0,0.0,0.0
27300,358.945068359375,0.0,2196.0,1878.0,1736.0,0.5,0.5,0.5,,-0.0,2.4000015258789062,0.0,0.0,0.0,0.0
27304,358.945068359375,0.0,2439.0,1952.0,1928.0,0.5,0.5,0.5,,-0.0,2.4000015258789062,0.0,0.0,0.0,0.0
27308,358.945068359375,0.0,2443.0,2045.0,2053.0,0.5,0.5,0.5,,-0.0,2.4000015258789062,0.0,0.0,0.0,0.0
27312,358.945068359375,0.0,1989.0,1917.0,1868.0,0.5,0.5,0.5,,-0.0,2.4000015258789062,0.0,0.0,0.0,0.0
27316,358.945068359375,0.0,2201.0,1864.0,1727.0,0.5,0.5,0.5,,-0.0,2.4000015258789062,0.0,0.0,0.0,0.0
27320,358.945068359375,0.0,2459.0,2048.0,2050.0,0.5,0.5,0.5,,-0.0,2.4000015258789062,0.0,0.0,0.0,0.0
27324,358.945068359375,0.0,2003.0,1916.0,1868.0,0.5,0.5,0.5,,-0.0,2.4000015258789062,0.0,0.0,0.0,0.0
27328,358.945068359375,0.0,2194.0,1873.0,1733.0,0.5,0.5,0.5,,-0.0,2.4000015258789062,0.0,0.0,0.0,0.0
27332,358.945068359375,0.0,2431.0,1954.0,1927.0,0.5,0.5,0.5,,-0.0,2.4000015258789062,0.0,0.0,0.0,0.0
27336,358.945068359375,0.0,2449.0,2045.0,2053.0,0.5,0.5,0.5,,-0.0,2.4000015258789062,0.0,0.0,0.0,0.0
27340,358.945068359375,0.0,1999.0,1916.0,1869.0,0.5,0.5,0.5,,-0.0,2.4000015258789062,0.0,0.0,0.0,0.0
27344,358.945068359375,0.0,2208.0,1860.0,1728.0,0.5,0.5,0.5,,-0.0,2.4000015258789062,0.0,0.0,0.0,0.0
27348,358.945068359375,0.0,2446.0,2044.0,2054.0,0.5,0.5,0.5,,-0.0,2.4000015258789062,0.0,0.0,0.0,0.0
27352,358.945068359375,0.0,1992.0,1920.0,1870.0,0.5,0.5,0.5,,-0.0,2.4000015258789062,0.0,0.0,0.0,0.0
27356,358.945068359375,0.0,2203.0,1851.0,1719.0,0.5,0.5,0.5,,-0.0,2.4000015258789062,0.0,0.0,0.0,0.0
27360,358.945068359375,0.0,2437.0,1943.0,1922.0,0.5,0.5,0.5,,-0.0,2.4000015258789062,0.0,0.0,0.0,0.0
27364,358.945068359375,0.0,2441.0,2051.0,2059.0,0.5,0.5,0.5,,-0.0,2.4000015258789062,0.0,0.0,0.0,0.0
27368,358.945068359375,0.0,1992.0,1917.0,1869.0,0.5,0.5,0.5,,-0.0,2.4000015258789062,0.0,0.0,0.0,0.0
27372,358.945068359375,0.0,2191.0,1859.0,1722.0,0.5,0.5,0.5,,-0.0,2.4000015258789062,0.0,0.0,0.0,0.0
27376,358.945068359375,0.0,2444.0,2044.0,2056.0,0.5,0.5,0.5,,-0.0,2.4000015258789062,0.0,0.0,0.0,0.0
27380,358.945068359375,0.0,1983.0,1918.0,1870.0,0.5,0.5,0.5,,-0.0,2.4000015258789062,0.0,0.0,0.0,0.0
27384,358.945068359375,0.0,2183.0,1859.0,1727.0,0.5,0.5,0.5,,-0.0,2.4000015258789062,0.0,0.0,0.0,0.0
27388,358.945068359375,0.0,2427.0,1952.0,1926.0,0.5,0.5,0.5,,-0.0,2.4000015258789062,0.0,0.0,0.0,0.0
27392,358.945068359375,0.0,2456.0,2044.0,2056.0,0.5,0.5,0.5,,-0.0,2.4000015258789062,0.0,0.0,0.0,0.0
27396,358.945068359375,0.0,1997.0,1918.0,1868.0,0.5,0.5,0.5,,-0.0,2.4000015258789062,0.0,0.0,0.0,0.0
27400,358.945068359375,0.0,2427.0,1951.0,1927.0,0.5,0.5,0.5,,-0.0,2.4000015258789062,0.0,0.0,0.0,0.0
27404,358.945068359375,0.0,2446.0,2040.0,2052.0,0.5,0.5,0.5,,-0.0,2.4000015258789062,0.0,0.0,0.0,0.0
27408,358.945068359375,0.0,2001.0,1916.0,1866.0,0.5,0.5,0.5,,-0.0,2.4000015258789062,0.0,0.0,0.0,0.0
27412,358.945068359375,0.0,2203.0,1858.0,1725.0,0.5,0.5,0.5,,-0.0,2.4000015258789062,0.0,0.0,0.0,0.0
27416,358.945068359375,0.0,2426.0,1950.0,1928.0,0.5,0.5,0.5,,-0.0,2.4000015258789062,0.0,0.0,0.0,0.0
27420,358.945068359375,0.0,2440.0,2041.0,2055.0,0.5,0.5,0.5,,-0.0,2.4000015258789062,0.0,0.0,0.0,0.0
27424,358.945068359375,0.0,1999.0,1919.0,1870.0,0.5,0.5,0.5,,-0.0,2.4000015258789062,0.0,0.0,0.0,0.0
27428,358.945068359375,0.0,2437.0,1957.0,1936.0,0.5,0.5,0.5,,-0.0,2.4000015258789062,0.0,0.0,0.0,0.0
27432,358.945068359375,0.0,2436.0,2048.0,2062.0,0.5,0.5,0.5,,-0.0,2.4000015258789062,0.0,0.0,0.0,0.0
27436,358.945068359375,0.0,2009.0,1920.0,1870.0,0.5,0.5,0.5,,-0.0,2.4000015258789062,0.0,0.0,0.0,0.0
27440,358.945068359375,0.0,2197.0,1859.0,1727.0,0.5,0.5,0.5,,-0.0,2.4000015258789062,0.0,0.0,0.0,0.0
27444,358.945068359375,0.0,2424.0,1952.0,1926.0,0.5,0.5,0.5,,-0.0,2.4000015258789062,0.0,0.0,0.0,0.0
27448,358.945068359375,0.0,2453.0,2043.0,2054.0,0.5,0.5,0.5,,-0.0,2.4000015258789062,0.0,0.0,0.0,0.0
27452,358.945068359375,0.0,2001.0,1920.0,1872.0,0.5,0.5,0.5,,-0.0,2.4000015258789062,0.0,0.0,0.0,0.0
27456,358.945068359375,0.0,2431.0,1953.0,1931.0,0.5,0.5,0.5,,-0.0,2.4000015258789062,0.0,0.0,0.0,0.0
27460,358.945068359375,0.0,2440.0,2050.0,2059.0,0.5,0.5,0.5,,-0.0,2.4000015258789062,0.0,0.0,0.0,0.0
27464,358.945068359375,0.0,2003.0,1918.0,1870.0,0.5,0.5,0.5,,-0.0,2.4000015258789062,0.0,0.0,0.0,0.0
27468,358.945068359375,0.0,2215.0,1859.0,1723.0,0.5,0.5,0.5,,-0.0,2.4000015258789062,0.0,0.0,0.0,0.0
27472,358.945068359375,0.0,2457.0,1954.0,1932.0,0.5,0.5,0.5,,-0.0,2.4000015258789062,0.0,0.0,0.0,0.0
27476,358.945068359375,0.0,2439.0,2048.0,2056.0,0.5,0.5,0.5,,-0.0,2.4000015258789062,0.0,0.0,0.0,0.0
27480,358.945068359375,0.0,1995.0,1920.0,1869.0,0.5,0.5,0.5,,-0.0,2.4000015258789062,0.0,0.0,0.0,0.0
27484,358.945068359375,0.0,2431.0,1949.0,1926.0,0.5,0.5,0.5,,-0.0,2.4000015258789062,0.0,0.0,0.0,0.0
27488,358.945068359375,0.0,2443.0,2048.0,2054.0,0.5,0.5,0.5,,-0.0,2.4000015258789062,0.0,0.0,0.0,0.0
27492,358.945068359375,0.0,1989.0,1918.0,1870.0,0.5,0.5,0.5,,-0.0,2.4000015258789062,0.0,0.0,0.0,0.0
27496,358.945068359375,0.0,2206.0,1859.0,1726.0,0.5,0.5,0.5,,-0.0,2.4000015258789062,0.0,0.0,0.0,0.0
27500,358.945068359375,0.0,2430.0,1949.0,1925.0,0.5,0.5,0.5,,-0.0,2.4000015258789062,0.0,0.0,0.0,0.0
27504,358.945068359375,0.0,2439.0,2045.0,2056.0,0.5,0.5,0.5,,-0.0,2.4000015258789062,0.0,0.0,0.0,0.0
27508,358.945068359375,0.0,1994.0,1916.0,1868.0,0.5,0.5,0.5,,-0.0,2.4000015258789062,0.0,0.0,0.0,0.0
27512,358.945068359375,0.0,2425.0,1955.0,1932.0,0.5,0.5,0.5,,-0.0,2.4000015258789062,0.0,0.0,0.0,0.0
27516,358.945068359375,0.0,2443.0,2052.0,2065.0,0.5,0.5,0.5,,-0.0,2.4000015258789062,0.0,0.0,0.0,0.0
27520,358.945068359375,0.0,1993.0,1915.0,1865.0,0.5,0.5,0.5,,-0.0,2.4000015258789062,0.0,0.0,0.0,0.0
27524,358.945068359375,0.0,2211.0,1860.0,1725.0,0.5,0.5,0.5,,-0.0,2.4000015258789062,0.0,0.0,0.0,0.0
27528,358.945068359375,0.0,2427.0,1952.0,1930.0,0.5,0.5,0.5,,-0.0,2.4000015258789062,0.0,0.0,0.0,0.0
27532,358.945068359375,0.0,2440.0,2048.0,2058.0,0.5,0.5,0.5,,-0.0,2.4000015258789062,0.0,0.0,0.0,0.0
27536,358.945068359375,0.0,2211.0,1862.0,1727.0,0.5,0.5,0.5,,-0.0,2.4000015258789062,0.0,0.0,0.0,0.0
27540,358.945068359375,0.0,2431.0,1953.0,1928.0,0.5,0.5,0.5,,-0.0,2.4000015258789062,0.0,0.0,0.0,0.0
27544,358.945068359375,0.0,2454.0,2049.0,2061.0,0.5,0.5,0.5,,-0.0,2.4000015258789062,0.0,0.0,0.0,0.0
27548,358.945068359375,0.0,2005.0,1906.0,1862.0,0.5,0.5,0.5,,-0.0,2.4000015258789062,0.0,0.0,0.0,0.0
27552,358.945068359375,0.0,2210.0,1863.0,1728.0,0.5,0.5,0.5,,-0.0,2.4000015258789062,0.0,0.0,0.0,0.0
27556,358.945068359375,0.0,2427.0,1950.0,1928.0,0.5,0.5,0.5,,-0.0,2.4000015258789062,0.0,0.0,0.0,0.0
27560,358.945068359375,0.0,2446.0,2051.0,2059.0,0.5,0.5,0.5,,-0.0,2.4000015258789062,0.0,0.0,0.0,0.0
27564,358.945068359375,0.0,2193.0,1860.0,1726.0,0.5,0.5,0.5,,-0.0,2.4000015258789062,0.0,0.0,0.0,0.0
27568,358.945068359375,0.0,2421.0,1945.0,1920.0,0.5,0.5,0.5,,-0.0,2.4000015258789062,0.0,0.0,0.0,0.0
27572,358.945068359375,0.0,2446.0,2050.0,2061.0,0.5,0.5,0.5,,-0.0,2.4000015258789062,0.0,0.0,0.0,0.0
27576,358.945068359375,0.0,1989.0,1919.0,1872.0,0.5,0.5,0.5,,-0.0,2.4000015258789062,0.0,0.0,0.0,0.0
27580,358.945068359375,0.0,2203.0,1862.0,1728.0,0.5,0.5,0.5,,-0.0,2.4000015258789062,0.0,0.0,0.0,0.0
27584,358.945068359375,0.0,2418.0,1936.0,1918.0,0.5,0.5,0.5,,-0.0,2.4000015258789062,0.0,0.0,0.0,0.0
27588,358.945068359375,0.0,2436.0,2053.0,2063.0,0.5,0.5,0.5,,-0.0,2.4000015258789062,0.0,0.0,0.0,0.0
27592,358.945068359375,0.0,2184.0,1854.0,1723.0,0.5,0.5,0.5,,-0.0,2.4000015258789062,0.0,0.0,0.0,0.0
27596,358.945068359375,0.0,2426.0,1949.0,1925.0,0.5,0.5,0.5,,-0.0,2.4000015258789062,0.0,0.0,0.0,0.0
27600,358.945068359375,0.0,2443.0,2052.0,2058.0,0.5,0.5,0.5,,-0.0,2.4000015258789062,0.0,0.0,0.0,0.0
27604,358.945068359375,0.0,1996.0,1917.0,1869.0,0.5,0.5,0.5,,-0.0,2.4000015258789062,0.0,0.0,0.0,0.0
27608,358.945068359375,0.0,2196.0,1859.0,1726.0,0.5,0.5,0.5,,-0.0,2.4000015258789062,0.0,0.0,0.0,0.0
27612,358.945068359375,0.0,2412.0,1961.0,1935.0,0.5,0.5,0.5,,-0.0,2.4000015258789062,0.0,0.0,0.0,0.0
27616,358.945068359375,0.0,2443.0,2051.0,2059.0,0.5,0.5,0.5,,-0.0,2.4000015258789062,0.0,0.0,0.0,0.0
27620,358.945068359375,0.0,2198.0,1858.0,1725.0,0.5,0.5,0.5,,-0.0,2.4000015258789062,0.0,0.0,0.0,0.0
27624,358.945068359375,0.0,2419.0,1952.0,1929.0,0.5,0.5,0.5,,-0.0,2.4000015258789062,0.0,0.0,0.0,0.0
27628,358.945068359375,0.0,2440.0,2054.0,2064.0,0.5,0.5,0.5,,-0.0,2.4000015258789062,0.0,0.0,0.0,0.0
27632,358.945068359375,0.0,1994.0,1926.0,1875.0,0.5,0.5,0.5,,-0.0,2.4000015258789062,0.0,0.0,0.0,0.0
27636,358.945068359375,0.0,2218.0,1859.0,1720.0,0.5,0.5,0.5,,-0.0,2.4000015258789062,0.0,0.0,0.0,0.0
27640,358.945068359375,0.0,2429.0,1952.0,1928.0,0.5,0.5,0.5,,-0.0,2.4000015258789062,0.0,0.0,0.0,0.0
27644,358.945068359375,0.0,2442.0,2052.0,2061.0,0.5,0.5,0.5,,-0.0,2.4000015258789062,0.0,0.0,0.0,0.0
27648,358.945068359375,0.0,2198.0,1863.0,1729.0,0.5,0.5,0.5,,-0.0,2.4000015258789062,0.0,0.0,0.0,0.0
27652,358.945068359375,0.0,2435.0,1954.0,1933.0,0.5,0.5,0.5,,-0.0,2.4000015258789062,0.0,0.0,0.0,0.0
27656,358.945068359375,0.0,2440.0,2051.0,2061.0,0.5,0.5,0.5,,-0.0,2.4000015258789062,0.0,0.0,0.0,0.0
27660,358.945068359375,0.0,1999.0,1915.0,1869.0,0.5,0.5,0.5,,-0.0,2.4000015258789062,0.0,0.0,0.0,0.0
27664,358.945068359375,0.0,2211.0,1848.0,1717.0,0.5,0.5,0.5,,-0.0,2.4000015258789062,0.0,0.0,0.0,0.0
27668,358.945068359375,0.0,2438.0,1950.0,1930.0,0.5,0.5,0.5,,-0.0,2.4000015258789062,0.0,0.0,0.0,0.0
27672,358.945068359375,0.0,2441.0,2049.0,2060.0,0.5,0.5,0.5,,-0.0,2.4000015258789062,0.0,0.0,0.0,0.0
27676,358.945068359375,0.0,2221.0,1860.0,1724.0,0.5,0.5,0.5,,-0.0,2.4000015258789062,0.0,0.0,0.0,0.0
27680,358.945068359375,0.0,2440.0,1951.0,1932.0,0.5,0.5,0.5,,-0.0,2.4000015258789062,0.0,0.0,0.0,0.0
27684,358.945068359375,0.0,2435.0,2052.0,2061.0,0.5,0.5,0.5,,-0.0,2.4000015258789062,0.0,0.0,0.0,0.0
27688,358.945068359375,0.0,1989.0,1916.0,1864.0,0.5,0.5,0.5,,-0.0,2.4000015258789062,0.0,0.0,0.0,0.0
27692,358.945068359375,0.0,2203.0,1857.0,1721.0,0.5,0.5,0.5,,-0.0,2.4000015258789062,0.0,0.0,0.0,0.0
27696,358.945068359375,0.0,2415.0,1947.0,1927.0,0.5,0.5,0.5,,-0.0,2.4000015258789062,0.0,0.0,0.0,0.0
27700,358.945068359375,0.0,1995.0,1916.0,1866.0,0.5,0.5,0.5,,-0.0,2.4000015258789062,0.0,0.0,0.0,0.0
27704,358.945068359375,0.0,2198.0,1856.0,1726.0,0.5,0.5,0.5,,-0.0,2.4000015258789062,0.0,0.0,0.0,0.0
27708,358.945068359375,0.0,2432.0,1960.0,1940.0,0.5,0.5,0.5,,-0.0,2.4000015258789062,0.0,0.0,0.0,0.0
27712,358.945068359375,0.0,2438.0,2053.0,2070.0,0.5,0.5,0.5,,-0.0,2.4000015258789062,0.0,0.0,0.0,0.0
27716,358.945068359375,0.0,1994.0,1920.0,1871.0,0.5,0.5,0.5,,-0.0,2.4000015258789062,0.0,0.0,0.0,0.0
27720,358.945068359375,0.0,2189.0,1861.0,1725.0,0.5,0.5,0.5,,-0.0,2.4000015258789062,0.0,0.0,0.0,0.0
27724,358.945068359375,0.0,2427.0,1949.0,1927.0,0.5,0.5,0.5,,-0.0,2.4000015258789062,0.0,0.0,0.0,0.0
27728,358.945068359375,0.0,1985.0,1916.0,1870.0,0.5,0.5,0.5,,-0.0,2.4000015258789062,0.0,0.0,0.0,0.0
27732,358.945068359375,0.0,2197.0,1861.0,1725.0,0.5,0.5,0.5,,-0.0,2.4000015258789062,0.0,0.0,0.0,0.0
27736,358.945068359375,0.0,2435.0,1952.0,1933.0,0.5,0.5,0.5,,-0.0,2.4000015258789062,0.0,0.0,0.0,0.0
27740,358.945068359375,0.0,2438.0,2055.0,2069.0,0.5,0.5,0.5,,-0.0,2.4000015258789062,0.0,0.0,0.0,0.0
27744,358.945068359375,0.0,1980.0,1921.0,1871.0,0.5,0.5,0.5,,-0.0,2.4000015258789062,0.0,0.0,0.0,0.0
27748,358.945068359375,0.0,2213.0,1860.0,1728.0,0.5,0.5,0.5,,-0.0,2.4000015258789062,0.0,0.0,0.0,0.0
27752,358.945068359375,0.0,2436.0,1948.0,1931.0,0.5,0.5,0.5,,-0.0,2.4000015258789062,0.0,0.0,0.0,0.0
27756,358.945068359375,0.0,1991.0,1919.0,1869.0,0.5,0.5,0.5,,-0.0,2.4000015258789062,0.0,0.0,0.0,0.0
27760,358.945068359375,0.0,2211.0,1860.0,1723.0,0.5,0.5,0.5,,-0.0,2.4000015258789062,0.0,0.0,0.0,0.0
27764,358.945068359375,0.0,2434.0,1950.0,1936.0,0.5,0.5,0.5,,-0.0,2.4000015258789062,0.0,0.0,0.0,0.0
27768,358.945068359375,0.0,2442.0,2057.0,2070.0,0.5,0.5,0.5,,-0.0,2.4000015258789062,0.0,0.0,0.0,0.0
27772,358.945068359375,0.0,1987.0,1920.0,1865.0,0.5,0.5,0.5,,-0.0,2.4000015258789062,0.0,0.0,0.0,0.0
27776,358.945068359375,0.0,2203.0,1859.0,1723.0,0.5,0.5,0.5,,-0.0,2.4000015258789062,0.0,0.0,0.0,0.0
27780,358.945068359375,0.0,2418.0,1947.0,1931.0,0.5,0.5,0.5,,-0.0,2.4000015258789062,0.0,0.0,0.0,0.0
27784,358.945068359375,0.0,1991.0,1917.0,1872.0,0.5,0.5,0.5,,-0.0,2.4000015258789062,0.0,0.0,0.0,0.0
27788,358.945068359375,0.0,2205.0,1859.0,1724.0,0.5,0.5,0.5,,-0.0,2.4000015258789062,0.0,0.0,0.0,0.0
27792,358.945068359375,0.0,2431.0,1947.0,1931.0,0.5,0.5,0.5,,-0.0,2.4000015258789062,0.0,0.0,0.0,0.0
27796,358.945068359375,0.0,2445.0,2050.0,2068.0,0.5,0.5,0.5,,-0.0,2.4000015258789062,0.0,0.0,0.0,0.0
27800,358.945068359375,0.0,1995.0,1916.0,1867.0,0.5,0.5,0.5,,-0.0,2.4000015258789062,0.0,0.0,0.0,0.0
27804,358.945068359375,0.0,2205.0,1859.0,1724.0,0.5,0.5,0.5,,-0.0,2.4000015258789062,0.0,0.0,0.0,0.0
27808,358.945068359375,0.0,2421.0,1948.0,1930.0,0.5,0.5,0.5,,-0.0,2.4000015258789062,0.0,0.0,0.0,0.0
27812,358.945068359375,0.0,1989.0,1918.0,1868.0,0.5,0.5,0.5,,-0.0,2.4000015258789062,0.0,0.0,0.0,0.0
27816,358.945068359375,0.0,2194.0,1860.0,1729.0,0.5,0.5,0.5,,-0.0,2.4000015258789062,0.0,0.0,0.0,0.0
27820,358.945068359375,0.0,2427.0,1947.0,1930.0,0.5,0.5,0.5,,-0.0,2.4000015258789062,0.0,0.0,0.0,0.0
27824,358.945068359375,0.0,2453.0,2060.0,2070.0,0.5,0.5,0.5,,-0.0,2.4000015258789062,0.0,0.0,0.0,0.0
27828,358.945068359375,0.0,1985.0,1917.0,1868.0,0.5,0.5,0.5,,-0.0,2.4000015258789062,0.0,0.0,0.0,0.0
27832,358.945068359375,0.0,2186.0,1857.0,1724.0,0.5,0.5,0.5,,-0.0,2.4000015258789062,0.0,0.0,0.0,0.0
27836,358.945068359375,0.0,2412.0,1936.0,1915.0,0.5,0.5,0.5,,-0.0,2.4000015258789062,0.0,0.0,0.0,0.0
27840,358.945068359375,0.0,1981.0,1911.0,1865.0,0.5,0.5,0.5,,-0.0,2.4000015258789062,0.0,0.0,0.0,0.0
27844,358.945068359375,0.0,2193.0,1863.0,1728.0,0.5,0.5,0.5,,-0.0,2.4000015258789062,0.0,0.0,0.0,0.0
27848,358.945068359375,0.0,2425.0,1948.0,1930.0,0.5,0.5,0.5,,-0.0,2.4000015258789062,0.0,0.0,0.0,0.0
27852,358.945068359375,0.0,2450.0,2054.0,2068.0,0.5,0.5,0.5,,-0.0,2.4000015258789062,0.0,0.0,0.0,0.0
27856,358.945068359375,0.0,1982.0,1917.0,1867.0,0.5,0.5,0.5,,-0.0,2.4000015258789062,0.0,0.0,0.0,0.0
27860,358.945068359375,0.0,2190.0,1861.0,1729.0,0.5,0.5,0.5,,-0.0,2.4000015258789062,0.0,0.0,0.0,0.0
27864,358.945068359375,0.0,2447.0,2058.0,2070.0,0.5,0.5,0.5,,-0.0,2.4000015258789062,0.0,0.0,0.0,0.0
27868,358.945068359375,0.0,1979.0,1915.0,1870.0,0.5,0.5,0.5,,-0.0,2.4000015258789062,0.0,0.0,0.0,0.0
27872,358.945068359375,0.0,2181.0,1859.0,1732.0,0.5,0.5,0.5,,-0.0,2.4000015258789062,0.0,0.0,0.0,0.0
27876,358.945068359375,0.0,2431.0,1944.0,1929.0,0.5,0.5,0.5,,-0.0,2.4000015258789062,0.0,0.0,0.0,0.0
27880,358.945068359375,0.0,2445.0,2053.0,2072.0,0.5,0.5,0.5,,-0.0,2.4000015258789062,0.0,0.0,0.0,0.0
27884,358.945068359375,0.0,2000.0,1917.0,1869.0,0.5,0.5,0.5,,-0.0,2.4000015258789062,0.0,0.0,0.0,0.0
27888,358.945068359375,0.0,2196.0,1859.0,1727.0,0.5,0.5,0.5,,-0.0,2.4000015258789062,0.0,0.0,0.0,0.0
27892,358.945068359375,0.0,2446.0,2056.0,2076.0,0.5,0.5,0.5,,-0.0,2.4000015258789062,0.0,0.0,0.0,0.0
27896,358.945068359375,0.0,1990.0,1917.0,1868.0,0.5,0.5,0.5,,-0.0,2.4000015258789062,0.0,0.0,0.0,0.0
27900,358.945068359375,0.0,2200.0,1859.0,1729.0,0.5,0.5,0.5,,-0.0,2.4000015258789062,0.0,0.0,0.0,0.0
27904,358.945068359375,0.0,2423.0,1954.0,1935.0,0.5,0.5,0.5,,-0.0,2.4000015258789062,0.0,0.0,0.0,0.0
27908,358.945068359375,0.0,2445.0,2054.0,2073.0,0.5,0.5,0.5,,-0.0,2.4000015258789062,0.0,0.0,0.0,0.0
27912,358.945068359375,0.0,1995.0,1919.0,1872.0,0.5,0.5,0.5,,-0.0,2.4000015258789062,0.0,0.0,0.0,0.0
27916,358.945068359375,0.0,2189.0,1859.0,1735.0,0.5,0.5,0.5,,-0.0,2.4000015258789062,0.0,0.0,0.0,0.0
27920,358.945068359375,0.0,2447.0,2056.0,2078.0,0.5,0.5,0.5,,-0.0,2.4000015258789062,0.0,0.0,0.0,0.0
27924,358.945068359375,0.0,1981.0,1920.0,1872.0,0.5,0.5,0.5,,-0.0,2.4000015258789062,0.0,0.0,0.0,0.0
27928,358.945068359375,0.0,2215.0,1861.0,1731.0,0.5,0.5,0.5,,-0.0,2.4000015258789062,0.0,0.0,0.0,0.0
27932,358.945068359375,0.0,2422.0,1937.0,1926.0,0.5,0.5,0.5,,-0.0,2.4000015258789062,0.0,0.0,0.0,0.0
27936,358.945068359375,0.0,2445.0,2060.0,2076.0,0.5,0.5,0.5,,-0.0,2.4000015258789062,0.0,0.0,0.0,0.0
27940,358.945068359375,0.0,1994.0,1919.0,1869.0,0.5,0.5,0.5,,-0.0,2.4000015258789062,0.0,0.0,0.0,0.0
27944,358.945068359375,0.0,2201.0,1860.0,1730.0,0.5,0.5,0.5,,-0.0,2.4000015258789062,0.0,0.0,0.0,0.0
27948,358.945068359375,0.0,2439.0,2056.0,2074.0,0.5,0.5,0.5,,-0.0,2.4000015258789062,0.0,0.0,0.0,0.0
27952,358.945068359375,0.0,1999.0,1918.0,1868.0,0.5,0.5,0.5,,-0.0,2.4000015258789062,0.0,0.0,0.0,0.0
27956,358.945068359375,0.0,2202.0,1856.0,1728.0,0.5,0.5,0.5,,-0.0,2.4000015258789062,0.0,0.0,0.0,0.0
27960,358.945068359375,0.0,2423.0,1938.0,1927.0,0.5,0.5,0.5,,-0.0,2.4000015258789062,0.0,0.0,0.0,0.0
27964,358.945068359375,0.0,2439.0,2054.0,2074.0,0.5,0.5,0.5,,-0.0,2.4000015258789062,0.0,0.0,0.0,0.0
27968,358.945068359375,0.0,1988.0,1918.0,1868.0,0.5,0.5,0.5,,-0.0,2.4000015258789062,0.0,0.0,0.0,0.0
27972,358.945068359375,0.0,2189.0,1862.0,1735.0,0.5,0.5,0.5,,-0.0,2.4000015258789062,0.0,0.0,0.0,0.0
27976,358.945068359375,0.0,2445.0,2058.0,2071.0,0.5,0.5,0.5,,-0.0,2.4000015258789062,0.0,0.0,0.0,0.0
27980,358.945068359375,0.0,1991.0,1906.0,1864.0,0.5,0.5,0.5,,-0.0,2.4000015258789062,0.0,0.0,0.0,0.0
27984,358.945068359375,0.0,2195.0,1858.0,1726.0,0.5,0.5,0.5,,-0.0,2.4000015258789062,0.0,0.0,0.0,0.0
27988,358.945068359375,0.0,2438.0,1938.0,1931.0,0.5,0.5,0.5,,-0.0,2.4000015258789062,0.0,0.0,0.0,0.0
27992,358.945068359375,0.0,2438.0,2056.0,2076.0,0.5,0.5,0.5,,-0.0,2.4000015258789062,0.0,0.0,0.0,0.0
27996,358.945068359375,0.0,1993.0,1920.0,1871.0,0.5,0.5,0.5,,-0.0,2.4000015258789062,0.0,0.0,0.0,0.0
28000,358.945068359375,0.0,2192.0,1861.0,1730.0,0.5,0.5,0.5,,-0.0,2.4000015258789062,0.0,0.0,0.0,0.0
28004,358.945068359375,0.0,2440.0,2058.0,2074.0,0.5,0.5,0.5,,-0.0,2.4000015258789062,0.0,0.0,0.0,0.0
28008,358.945068359375,0.0,2001.0,1908.0,1863.0,0.5,0.5,0.5,,-0.0,2.4000015258789062,0.0,0.0,0.0,0.0
28012,358.945068359375,0.0,2203.0,1861.0,1730.0,0.5,0.5,0.5,,-0.0,2.4000015258789062,0.0,0.0,0.0,0.0
28016,358.945068359375,0.0,2428.0,1938.0,1927.0,0.5,0.5,0.5,,-0.0,2.4000015258789062,0.0,0.0,0.0,0.0
28020,358.945068359375,0.0,2446.0,2052.0,2074.0,0.5,0.5,0.5,,-0.0,2.4000015258789062,0.0,0.0,0.0,0.0
28024,358.945068359375,0.0,1997.0,1906.0,1861.0,0.5,0.5,0.5,,-0.0,2.4000015258789062,0.0,0.0,0.0,0.0
28028,358.945068359375,0.0,2442.0,1953.0,1943.0,0.5,0.5,0.5,,-0.0,2.4000015258789062,0.0,0.0,0.0,0.0
28032,358.945068359375,0.0,2443.0,2056.0,2075.0,0.5,0.5,0.5,,-0.0,2.4000015258789062,0.0,0.0,0.0,0.0
28036,358.945068359375,0.0,2003.0,1920.0,1870.0,0.5,0.5,0.5,,-0.0,2.4000015258789062,0.0,0.0,0.0,0.0
28040,358.945068359375,0.0,2196.0,1863.0,1733.0,0.5,0.5,0.5,,-0.0,2.4000015258789062,0.0,0.0,0.0,0.0
28044,358.945068359375,0.0,2418.0,1941.0,1927.0,0.5,0.5,0.5,,-0.0,2.4000015258789062,0.0,0.0,0.0,0.0
28048,358.945068359375,0.0,2446.0,2051.0,2072.0,0.5,0.5,0.5,,-0.0,2.4000015258789062,0.0,0.0,0.0,0.0
28856,358.945068359375,0.0,2443.0,2060.0,2080.0,0.5,0.5,0.5,,-0.0,0.0,0.0,0.0,0.0,0.0
28860,358.945068359375,0.0,1982.0,1924.0,1873.0,0.5,0.5,0.5,,-0.0,0.0,0.0,0.0,0.0,0.0
28864,358.945068359375,0.0,2203.0,1861.0,1733.0,0.5,0.5,0.5,,-0.0,0.0,0.0,0.0,0.0,0.0
28868,358.945068359375,0.0,2418.0,1942.0,1931.0,0.5,0.5,0.5,,-0.0,0.0,0.0,0.0,0.0,0.0
28872,358.945068359375,0.0,2445.0,2059.0,2082.0,0.5,0.5,0.5,,-0.0,0.0,0.0,0.0,0.0,0.0
28876,358.945068359375,0.0,2201.0,1861.0,1733.0,0.5,0.5,0.5,,-0.0,0.0,0.0,0.0,0.0,0.0
28880,358.945068359375,0.0,2424.0,1937.0,1929.0,0.5,0.5,0.5,,-0.0,0.0,0.0,0.0,0.0,0.0
28884,358.945068359375,0.0,2452.0,2046.0,2072.0,0.5,0.5,0.5,,-0.0,0.0,0.0,0.0,0.0,0.0
28888,358.945068359375,0.0,1995.0,1918.0,1872.0,0.5,0.5,0.5,,-0.0,0.0,0.0,0.0,0.0,0.0
28892,358.945068359375,0.0,2193.0,1858.0,1733.0,0.5,0.5,0.5,,-0.0,0.0,0.0,0.0,0.0,0.0
28896,358.945068359375,0.0,2429.0,1939.0,1928.0,0.5,0.5,0.5,,-0.0,0.0,0.0,0.0,0.0,0.0
28900,358.945068359375,0.0,2421.0,2055.0,2076.0,0.5,0.5,0.5,,-0.0,0.0,0.0,0.0,0.0,0.0
28904,358.945068359375,0.0,2204.0,1857.0,1728.0,0.5,0.5,0.5,,-0.0,0.0,0.0,0.0,0.0,0.0
28908,358.945068359375,0.0,2419.0,1939.0,1929.0,0.5,0.5,0.5,,-0.0,0.0,0.0,0.0,0.0,0.0
28912,358.945068359375,0.0,2455.0,2055.0,2074.0,0.5,0.5,0.5,,-0.0,0.0,0.0,0.0,0.0,0.0
28916,358.945068359375,0.0,1976.0,1920.0,1869.0,0.5,0.5,0.5,,-0.0,0.0,0.0,0.0,0.0,0.0
28920,358.945068359375,0.0,2198.0,1864.0,1736.0,0.5,0.5,0.5,,-0.0,0.0,0.0,0.0,0.0,0.0
28924,358.945068359375,0.0,2419.0,1946.0,1928.0,0.5,0.5,0.5,,-0.0,0.0,0.0,0.0,0.0,0.0
28928,358.945068359375,0.0,2442.0,2057.0,2076.0,0.5,0.5,0.5,,-0.0,0.0,0.0,0.0,0.0,0.0
28932,358.945068359375,0.0,2192.0,1861.0,1732.0,0.5,0.5,0.5,,-0.0,0.0,0.0,0.0,0.0,0.0
28936,358.945068359375,0.0,2421.0,1957.0,1937.0,0.5,0.5,0.5,,-0.0,0.0,0.0,0.0,0.0,0.0
28940,358.945068359375,0.0,2444.0,2057.0,2080.0,0.5,0.5,0.5,,-0.0,0.0,0.0,0.0,0.0,0.0
28944,358.945068359375,0.0,1997.0,1905.0,1862.0,0.5,0.5,0.5,,-0.0,0.0,0.0,0.0,0.0,0.0
28948,358.945068359375,0.0,2205.0,1862.0,1730.0,0.5,0.5,0.5,,-0.0,0.0,0.0,0.0,0.0,0.0
28952,358.945068359375,0.0,2432.0,1945.0,1933.0,0.5,0.5,0.5,,-0.0,0.0,0.0,0.0,0.0,0.0
28956,358.945068359375,0.0,1993.0,1919.0,1870.0,0.5,0.5,0.5,,-0.0,0.0,0.0,0.0,0.0,0.0
28960,358.945068359375,0.0,2186.0,1863.0,1735.0,0.5,0.5,0.5,,-0.0,0.0,0.0,0.0,0.0,0.0
28964,358.945068359375,0.0,1370.0,2112.0,3016.0,0.30119988322257996,0.2561112642288208,0.3426888585090637,,-0.0,0.023999998345971107,0.0,0.0,0.0,0.0
28968,0.8791208863258362,-716131.875,1240.0,2034.0,2836.0,0.3026387691497803,0.2554396986961365,0.34192153811454773,,-0.0,0.05279999598860741,0.0,0.0,0.0,0.0
28972,8.79120922088623,15824.17578125,1757.0,1122.0,3404.0,0.3040754795074463,0.2548050880432129,0.3411194384098053,,-0.0,0.08160001784563065,0.0,0.0,0.0,0.0
28976,21.450550079345703,25318.6796875,1686.0,1662.0,3187.0,0.3055087924003601,0.25420793890953064,0.34028324484825134,,-0.0,0.11040005832910538,0.0,0.0,0.0,0.0
28980,28.131868362426758,13362.6357421875,1315.0,2051.0,2869.0,0.3069375455379486,0.2536487877368927,0.3394136428833008,,-0.0,0.13920006155967712,0.0,0.0,0.0,0.0
28984,24.175825119018555,-7912.0859375,1552.0,2072.0,3034.0,0.3083605468273163,0.2531280815601349,0.3385113775730133,,-0.0,0.1680000126361847,0.0,0.0,0.0,0.0
28988,17.14285659790039,-14065.9365234375,1935.0,1661.0,2996.0,0.3097766041755676,0.252646267414093,0.33757713437080383,,-0.0,0.19679996371269226,0.0,0.0,0.0,0.0
28992,15.912087440490723,-2461.5380859375,1603.0,1504.0,3255.0,0.3111845552921295,0.25220370292663574,0.3366117477416992,,-0.0,0.22559991478919983,0.0,0.0,0.0,0.0
28996,18.901098251342773,5978.021484375,1583.0,1728.0,3365.0,0.31258323788642883,0.2518007755279541,0.33561599254608154,,-0.0,0.2543998956680298,0.0,0.0,0.0,0.0
29000,19.604394912719727,1406.59326171875,2172.0,1592.0,3146.0,0.31397148966789246,0.25143784284591675,0.3345906734466553,,-0.0,0.2832000255584717,0.0,0.0,0.0,0.0
29004,19.516483306884766,-175.8231964111328,1955.0,1579.0,2993.0,0.31534814834594727,0.25111517310142517,0.33353668451309204,,-0.0,0.3120001554489136,0.0,0.0,0.0,0.0
29008,19.25274658203125,-527.4734497070312,1553.0,1604.0,3210.0,0.31671208143234253,0.25083306431770325,0.3324548602104187,,-0.0,0.34080028533935547,0.0,0.0,0.0,0.0
29012,18.0219783782959,-2461.536376953125,2474.0,1481.0,3161.0,0.3180621564388275,0.2505917251110077,0.33134615421295166,,-0.0,0.36960041522979736,0.0,0.0,0.0,0.0
29016,17.670330047607422,-703.296630859375,2498.0,1378.0,3044.0,0.3193972408771515,0.2503913640975952,0.3302114009857178,,-0.0,0.39840054512023926,0.0,0.0,0.0,0.0
29020,17.758241653442383,175.8231964111328,1473.0,1418.0,3238.0,0.3207162320613861,0.25023213028907776,0.3290516138076782,,-0.0,0.42720067501068115,0.0,0.0,0.0,0.0
29024,17.758241653442383,0.0,1198.0,1493.0,3400.0,0.3220180571079254,0.25011420249938965,0.3278677463531494,,-0.0,0.45600080490112305,0.0,0.0,0.0,0.0
29028,17.494504928588867,-527.4734497070312,2565.0,1336.0,3172.0,0.32330161333084106,0.25003764033317566,0.32666075229644775,,-0.0,0.48480093479156494,0.0,0.0,0.0,0.0
29032,16.96703338623047,-1054.9429931640625,2337.0,1262.0,3052.0,0.3245658278465271,0.25000250339508057,0.3254316747188568,,-0.0,0.5136008858680725,0.0,0.0,0.0,0.0
29036,16.52747344970703,-879.1198120117188,2283.0,1250.0,3240.0,0.32580968737602234,0.25000882148742676,0.3241814970970154,,-0.0,0.5424006581306458,0.0,0.0,0.0,0.0
29040,16.263736724853516,-527.4734497070312,1969.0,1189.0,3177.0,0.3270321190357208,0.2500566244125366,0.32291126251220703,,-0.0,0.571200430393219,0.0,0.0,0.0,0.0
29044,15.912087440490723,-703.2985229492188,2254.0,1109.0,3044.0,0.32823213934898376,0.2501458525657654,0.32162201404571533,,-0.0,0.6000002026557922,0.0,0.0,0.0,0.0
29048,15.472527503967285,-879.1198120117188,2550.0,1121.0,3233.0,0.32940873503685,0.2502764165401459,0.32031482458114624,,-0.0,0.6287999749183655,0.0,0.0,0.0,0.0
29052,15.120879173278809,-703.296630859375,1775.0,1187.0,3400.0,0.33056095242500305,0.25044822692871094,0.3189908266067505,,-0.0,0.6575997471809387,0.0,0.0,0.0,0.0
29056,14.857142448425293,-527.4734497070312,2105.0,1034.0,3173.0,0.3316878080368042,0.25066113471984863,0.31765106320381165,,-0.0,0.686399519443512,0.0,0.0,0.0,0.0
29060,14.593406677246094,-527.4714965820312,2490.0,960.0,3030.0,0.3327884078025818,0.25091496109962463,0.31629663705825806,,-0.0,0.7151992917060852,0.0,0.0,0.0,0.0
29064,14.241758346557617,-703.296630859375,2842.0,984.0,3221.0,0.333861768245697,0.2512094974517822,0.31492871046066284,,-0.0,0.7439990639686584,0.0,0.0,0.0,0.0
29068,13.978021621704102,-527.4734497070312,2130.0,925.0,3145.0,0.33490708470344543,0.2515445053577423,0.31354841589927673,,-0.0,0.7727988362312317,0.0,0.0,0.0,0.0
29072,13.626373291015625,-703.296630859375,2815.0,862.0,3004.0,0.335923433303833,0.251919686794281,0.3121568560600281,,-0.0,0.8015986084938049,0.0,0.0,0.0,0.0
29076,13.362637519836426,-527.4714965820312,3051.0,891.0,3184.0,0.3369100093841553,0.25233474373817444,0.31075525283813477,,-0.0,0.8303983807563782,0.0,0.0,0.0,0.0
29080,13.09890079498291,-527.4734497070312,1946.0,952.0,3328.0,0.337865948677063,0.25278934836387634,0.30934470891952515,,-0.0,0.8591981530189514,0.0,0.0,0.0,0.0
29084,12.923076629638672,-351.6483154296875,2395.0,801.0,3088.0,0.33879050612449646,0.2532830834388733,0.30792638659477234,,-0.0,0.8879979252815247,0.0,0.0,0.0,0.0
29088,12.571428298950195,-703.296630859375,2923.0,745.0,2945.0,0.3396828770637512,0.25381559133529663,0.3065015375614166,,-0.0,0.9167976975440979,0.0,0.0,0.0,0.0
29092,12.307692527770996,-527.4714965820312,2086.0,878.0,3281.0,0.34054234623908997,0.25438639521598816,0.30507126450538635,,-0.0,0.9455974698066711,0.0,0.0,0.0,0.0
29096,12.131868362426758,-351.6483154296875,2283.0,730.0,3046.0,0.341368168592453,0.2549950182437897,0.3036367893218994,,-0.0,0.9743972420692444,0.0,0.0,0.0,0.0
29100,11.868131637573242,-527.4734497070312,2995.0,677.0,2907.0,0.3421596884727478,0.25564098358154297,0.3021993041038513,,-0.0,1.0031970739364624,0.0,0.0,0.0,0.0
29104,11.604395866394043,-527.4714965820312,2970.0,716.0,3077.0,0.3429162800312042,0.25632375478744507,0.3007599711418152,,-0.0,1.031997561454773,0.0,0.0,0.0,0.0
29108,11.516483306884766,-175.82510375976562,2111.0,798.0,3224.0,0.34363725781440735,0.2570427358150482,0.2993199825286865,,-0.0,1.0607980489730835,0.0,0.0,0.0,0.0
29112,11.428571701049805,-175.8231964111328,2245.0,670.0,2992.0,0.3443220555782318,0.25779736042022705,0.2978805899620056,,-0.0,1.089598536491394,0.0,0.0,0.0,0.0
29116,11.340659141540527,-175.82510375976562,2826.0,616.0,2846.0,0.34497007727622986,0.25858697295188904,0.2964429259300232,,-0.0,1.1183990240097046,0.0,0.0,0.0,0.0
29120,11.076923370361328,-527.4714965820312,2451.0,742.0,3158.0,0.3455808162689209,0.25941094756126404,0.29500821232795715,,-0.0,1.1471995115280151,0.0,0.0,0.0,0.0
29124,10.725275039672852,-703.296630859375,2188.0,622.0,2925.0,0.34615373611450195,0.26026856899261475,0.2935776710510254,,-0.0,1.1759999990463257,0.0,0.0,0.0,0.0
29128,10.461538314819336,-527.4734497070312,2695.0,564.0,2776.0,0.3466883897781372,0.26115918159484863,0.29215243458747864,,-0.0,1.2048004865646362,0.0,0.0,0.0,0.0
29132,10.285714149475098,-351.6483154296875,3154.0,598.0,2925.0,0.34718430042266846,0.26208198070526123,0.2907336950302124,,-0.0,1.2336009740829468,0.0,0.0,0.0,0.0
29136,10.021978378295898,-527.4714965820312,2654.0,692.0,3068.0,0.34764111042022705,0.26303622126579285,0.2893226742744446,,-0.0,1.2624014616012573,0.0,0.0,0.0,0.0
29140,9.758241653442383,-527.4734497070312,2291.0,585.0,2839.0,0.3480583727359772,0.2640211582183838,0.2879204750061035,,-0.0,1.2912019491195679,0.0,0.0,0.0,0.0
29144,9.670330047607422,-175.8231964111328,2814.0,539.0,2688.0,0.34843578934669495,0.2650358974933624,0.2865283191204071,,-0.0,1.3200024366378784,0.0,0.0,0.0,0.0
29148,9.582417488098145,-175.82510375976562,2715.0,668.0,2994.0,0.3487730324268341,0.2660796642303467,0.2851473093032837,,-0.0,1.348802924156189,0.0,0.0,0.0,0.0
29152,9.494505882263184,-175.8231964111328,2357.0,565.0,2767.0,0.3490698039531708,0.26715153455734253,0.2837786376476288,,-0.0,1.3776034116744995,0.0,0.0,0.0,0.0
29156,9.230769157409668,-527.4734497070312,2806.0,512.0,2618.0,0.34932589530944824,0.2682506740093231,0.2824234366416931,,-0.0,1.40640389919281,0.0,0.0,0.0,0.0
29160,8.879120826721191,-703.296630859375,3284.0,572.0,2759.0,0.3495410680770874,0.26937612891197205,0.28108277916908264,,-0.0,1.4352043867111206,0.0,0.0,0.0,0.0
29164,8.527472496032715,-703.296630859375,2903.0,653.0,2878.0,0.3497151732444763,0.2705270051956177,0.2797578275203705,,-0.0,1.4640048742294312,0.0,0.0,0.0,0.0
29168,8.351648330688477,-351.6483154296875,2475.0,536.0,2633.0,0.3498480021953583,0.2717023193836212,0.278449684381485,,-0.0,1.4928053617477417,0.0,0.0,0.0,0.0
29172,8.087912559509277,-527.4714965820312,2923.0,495.0,2472.0,0.3499395251274109,0.27290108799934387,0.2771593928337097,,-0.0,1.5216058492660522,0.0,0.0,0.0,0.0
29176,7.824175834655762,-527.4734497070312,3010.0,642.0,2770.0,0.3499895930290222,0.27412235736846924,0.27588802576065063,,-0.0,1.5504063367843628,0.0,0.0,0.0,0.0
29180,7.472527503967285,-703.296630859375,2583.0,536.0,2536.0,0.34999823570251465,0.27536505460739136,0.2746366858482361,,-0.0,1.5792068243026733,0.0,0.0,0.0,0.0
29184,7.120879173278809,-703.296630859375,3003.0,488.0,2361.0,0.3499653935432434,0.2766282260417938,0.27340638637542725,,-0.0,1.6080073118209839,0.0,0.0,0.0,0.0
29188,6.857142925262451,-527.4724731445312,3469.0,554.0,2511.0,0.3498910963535309,0.2779107391834259,0.2721981406211853,,-0.0,1.6368077993392944,0.0,0.0,0.0,0.0
29192,6.593406677246094,-527.4724731445312,3133.0,645.0,2628.0,0.34977543354034424,0.2792116105556488,0.27101293206214905,,-0.0,1.665608286857605,0.0,0.0,0.0,0.0
29196,6.329670429229736,-527.4724731445312,2709.0,536.0,2386.0,0.34961849451065063,0.2805297076702118,0.26985180377960205,,-0.0,1.6944087743759155,0.0,0.0,0.0,0.0
29200,5.97802209854126,-703.296630859375,3123.0,496.0,2216.0,0.34942036867141724,0.2818639576435089,0.26871564984321594,,-0.0,1.723209261894226,0.0,0.0,0.0,0.0
29204,5.626373767852783,-703.296630859375,3114.0,655.0,2511.0,0.34918129444122314,0.2832132577896118,0.2676054537296295,,-0.0,1.7520097494125366,0.0,0.0,0.0,0.0
29208,5.450549602508545,-351.6483154296875,2808.0,556.0,2272.0,0.3489013910293579,0.2845764756202698,0.2665221095085144,,-0.0,1.7808102369308472,0.0,0.0,0.0,0.0
29212,5.1868133544921875,-527.4724731445312,3223.0,520.0,2097.0,0.3485809564590454,0.28595247864723206,0.265466570854187,,-0.0,1.8096107244491577,0.0,0.0,0.0,0.0
29216,4.835165023803711,-703.296630859375,3619.0,595.0,2245.0,0.34822022914886475,0.2873401343822479,0.2644396424293518,,-0.0,1.8384112119674683,0.0,0.0,0.0,0.0
29220,4.5714287757873535,-527.4724731445312,3118.0,676.0,2373.0,0.3478194773197174,0.28873828053474426,0.2634422183036804,,-0.0,1.8672116994857788,0.0,0.0,0.0,0.0
29224,4.395604610443115,-351.6483154296875,2923.0,571.0,2151.0,0.34737908840179443,0.29014578461647034,0.2624751031398773,,-0.0,1.8960121870040894,0.0,0.0,0.0,0.0
29228,4.307692527770996,-175.82415771484375,3357.0,542.0,1986.0,0.3468993902206421,0.29156145453453064,0.26153913140296936,,-0.0,1.9248126745224,0.0,0.0,0.0,0.0
29232,4.219780445098877,-175.82415771484375,3058.0,695.0,2281.0,0.3463808000087738,0.29298412799835205,0.26063504815101624,,-0.0,1.9536131620407104,0.0,0.0,0.0,0.0
29236,4.043956279754639,-351.6483154296875,3039.0,610.0,2056.0,0.345823734998703,0.29441261291503906,0.2597636282444,,-0.0,1.982413649559021,0.0,0.0,0.0,0.0
29240,3.692307710647583,-703.297119140625,3497.0,588.0,1884.0,0.3452287018299103,0.29584571719169617,0.25892558693885803,,-0.0,2.011213541030884,0.0,0.0,0.0,0.0
29244,3.3406593799591064,-703.296630859375,3555.0,680.0,2029.0,0.34459614753723145,0.29728221893310547,0.25812163949012756,,-0.0,2.0400125980377197,0.0,0.0,0.0,0.0
29248,3.076923131942749,-527.4724731445312,2638.0,778.0,2132.0,0.3439266085624695,0.29872095584869385,0.25735241174697876,,-0.0,2.0688116550445557,0.0,0.0,0.0,0.0
29252,2.9010989665985107,-351.6483154296875,3305.0,690.0,1902.0,0.34322065114974976,0.3001607656478882,0.25661855936050415,,-0.0,2.0976107120513916,0.0,0.0,0.0,0.0
29256,2.7252748012542725,-351.6483154296875,3534.0,728.0,1918.0,0.34247884154319763,0.30160045623779297,0.2559206783771515,,-0.0,2.1264097690582275,0.0,0.0,0.0,0.0
29260,2.6373627185821533,-175.82415771484375,2625.0,825.0,2035.0,0.34170180559158325,0.3030388057231903,0.25525936484336853,,-0.0,2.1552088260650635,0.0,0.0,0.0,0.0
29264,2.461538553237915,-351.6483154296875,3339.0,736.0,1812.0,0.34089019894599915,0.3044746518135071,0.25463515520095825,,-0.0,2.1840078830718994,0.0,0.0,0.0,0.0
29268,2.2857143878936768,-351.6483154296875,3651.0,714.0,1644.0,0.34004467725753784,0.3059067726135254,0.25404855608940125,,-0.0,2.2128069400787354,0.0,0.0,0.0,0.0
29272,2.1978023052215576,-175.82415771484375,3391.0,808.0,1790.0,0.33916592597961426,0.30733397603034973,0.2535000741481781,,-0.0,2.2416059970855713,0.0,0.0,0.0,0.0
29276,1.9340659379959106,-527.4727172851562,2554.0,916.0,1901.0,0.3382547199726105,0.30875512957572937,0.25299015641212463,,-0.0,2.2704050540924072,0.0,0.0,0.0,0.0
29280,1.6703296899795532,-527.4724731445312,3427.0,833.0,1662.0,0.3373117744922638,0.3101690113544464,0.2525192201137543,,-0.0,2.299204111099243,0.0,0.0,0.0,0.0
29284,1.4065934419631958,-527.4724731445312,3442.0,891.0,1662.0,0.3363378643989563,0.31157445907592773,0.25208768248558044,,-0.0,2.328003168106079,0.0,0.0,0.0,0.0
29288,1.1428571939468384,-527.4724731445312,2754.0,1003.0,1772.0,0.33533385396003723,0.3129703104496002,0.251695841550827,,-0.0,2.356802225112915,0.0,0.0,0.0,0.0
29292,0.9670329689979553,-351.6484375,3433.0,924.0,1536.0,0.33430051803588867,0.31435537338256836,0.25134408473968506,,-0.0,2.385601282119751,0.0,0.0,0.0,0.0
29296,0.791208803653717,-351.6483154296875,3603.0,910.0,1366.0,0.33323875069618225,0.3157285749912262,0.25103268027305603,,-0.0,2.414400339126587,0.0,0.0,0.0,0.0
29300,0.5274725556373596,-527.4724731445312,3234.0,1010.0,1500.0,0.3321493864059448,0.3170887231826782,0.25076186656951904,,-0.0,2.443199396133423,0.0,0.0,0.0,0.0
29304,0.2637362778186798,-527.4725341796875,2949.0,1128.0,1607.0,0.3310334086418152,0.3184346854686737,0.2505319118499756,,-0.0,2.471998453140259,0.0,0.0,0.0,0.0
29308,0.08791209012269974,-351.64837646484375,3438.0,1060.0,1378.0,0.3298916518688202,0.3197653591632843,0.2503429651260376,,-0.0,2.5007975101470947,0.0,0.0,0.0,0.0
29312,359.9120788574219,719648.25,3025.0,1116.0,1379.0,0.328725129365921,0.32107964158058167,0.2501952350139618,,-0.0,2.5295965671539307,0.0,0.0,0.0,0.0
29316,359.73626708984375,-351.6235046386719,3141.0,1266.0,1502.0,0.3275347650051117,0.32237645983695984,0.25008878111839294,,-0.0,2.5583956241607666,0.0,0.0,0.0,0.0
29320,359.4725341796875,-527.4658203125,3306.0,1176.0,1268.0,0.3263215720653534,0.3236547112464905,0.2500237226486206,,-0.0,2.5871946811676025,0.0,0.0,0.0,0.0
29324,359.29669189453125,-351.6845397949219,3323.0,1170.0,1094.0,0.3250865638256073,0.32491335272789,0.25000008940696716,,-0.0,2.6159937381744385,0.0,0.0,0.0,0.0
29328,359.032958984375,-527.4658203125,2861.0,1290.0,1216.0,0.3238307237625122,0.3261513113975525,0.2500179409980774,,-0.0,2.6447927951812744,0.0,0.0,0.0,0.0
29332,358.6813049316406,-703.3080444335938,3271.0,1424.0,1320.0,0.32255515456199646,0.3273676037788391,0.2500772476196289,,-0.0,2.6735918521881104,0.0,0.0,0.0,0.0
29336,358.4175720214844,-527.4658203125,3403.0,1349.0,1093.0,0.32126086950302124,0.3285611867904663,0.2501779794692993,,-0.0,2.7023909091949463,0.0,0.0,0.0,0.0
29340,358.1538391113281,-527.4658203125,3021.0,1416.0,1103.0,0.3199489414691925,0.3297310769557953,0.2503199875354767,,-0.0,2.7311899662017822,0.0,0.0,0.0,0.0
29344,357.97802734375,-351.6235046386719,3275.0,1541.0,1205.0,0.3186204731464386,0.33087632060050964,0.25050321221351624,,-0.0,2.759989023208618,0.0,0.0,0.0,0.0
29348,357.80218505859375,-351.6845397949219,2904.0,1454.0,985.0,0.3172765374183655,0.33199596405029297,0.25072750449180603,,-0.0,2.788788080215454,0.0,0.0,0.0,0.0
29352,357.5384521484375,-527.4658203125,2821.0,1459.0,829.0,0.31591829657554626,0.33308905363082886,0.25099262595176697,,-0.0,2.81758713722229,0.0,0.0,0.0,0.0
29356,357.27471923828125,-527.4658203125,3278.0,1574.0,964.0,0.3145468831062317,0.33415472507476807,0.2512984275817871,,-0.0,2.846386194229126,0.0,0.0,0.0,0.0
29360,357.010986328125,-527.4658203125,3291.0,1714.0,1079.0,0.3131633698940277,0.3351920545101166,0.2516445815563202,,-0.0,2.875185251235962,0.0,0.0,0.0,0.0
29364,356.8351745605469,-351.6235046386719,3390.0,1637.0,868.0,0.31176894903182983,0.33620017766952515,0.2520308792591095,,-0.0,2.903984308242798,0.0,0.0,0.0,0.0
29368,356.5714416503906,-527.4658203125,3436.0,1702.0,883.0,0.3103647530078888,0.3371783196926117,0.252456933259964,,-0.0,2.932783365249634,0.0,0.0,0.0,0.0
29372,356.3955993652344,-351.6845397949219,2999.0,1830.0,994.0,0.3089519739151001,0.338125616312027,0.2529224157333374,,-0.0,2.9615824222564697,0.0,0.0,0.0,0.0
29376,356.1318664550781,-527.4658203125,3371.0,1756.0,787.0,0.30753177404403687,0.3390412926673889,0.2534269392490387,,-0.0,2.9903814792633057,0.0,0.0,0.0,0.0
29380,355.8681335449219,-527.4658203125,3021.0,1749.0,635.0,0.3061053454875946,0.33992457389831543,0.25397008657455444,,-0.0,3.0191805362701416,0.0,0.0,0.0,0.0
29384,355.69232177734375,-351.6235046386719,2973.0,1862.0,776.0,0.30467382073402405,0.3407747745513916,0.25455141067504883,,-0.0,3.0479795932769775,0.0,0.0,0.0,0.0
29388,355.5164794921875,-351.6845397949219,3027.0,1996.0,896.0,0.3032384216785431,0.34159111976623535,0.25517043471336365,,-0.0,3.0767786502838135,0.0,0.0,0.0,0.0
29392,355.25274658203125,-527.4658203125,2857.0,1908.0,703.0,0.30180037021636963,0.3423730134963989,0.2558266520500183,,-0.0,3.1055777072906494,0.0,0.0,0.0,0.0
29396,355.0769348144531,-351.6235046386719,3054.0,1973.0,728.0,0.3003607988357544,0.343119740486145,0.25651946663856506,,-0.0,3.1343767642974854,0.0,0.0,0.0,0.0
29400,354.989013671875,-175.84226989746094,2976.0,2089.0,845.0,0.2989209294319153,0.34383073449134827,0.2572483718395233,,-0.0,3.1631758213043213,0.0,0.0,0.0,0.0
29404,354.8132019042969,-351.6235046386719,3062.0,1998.0,652.0,0.2974819540977478,0.34450533986091614,0.25801271200180054,,-0.0,3.1919748783111572,0.0,0.0,0.0,0.0
29408,354.72528076171875,-175.84226989746094,2722.0,1973.0,506.0,0.29604506492614746,0.34514304995536804,0.2588118612766266,,-0.0,3.220773935317993,0.0,0.0,0.0,0.0
29412,354.4615478515625,-527.4658203125,2955.0,2099.0,661.0,0.29461145401000977,0.345743328332901,0.2596451938152313,,-0.0,3.249572992324829,0.0,0.0,0.0,0.0
29416,354.19781494140625,-527.4658203125,2868.0,2233.0,777.0,0.2931823432445526,0.3463056683540344,0.26051199436187744,,-0.0,3.278372049331665,0.0,0.0,0.0,0.0
29420,353.9340515136719,-527.52685546875,2713.0,2106.0,465.0,0.29175886511802673,0.3468296229839325,0.26141154766082764,,-0.0,3.307171106338501,0.0,0.0,0.0,0.0
29424,353.75823974609375,-351.6235046386719,2810.0,2226.0,620.0,0.29034221172332764,0.347314715385437,0.26234307885169983,,-0.0,3.335970163345337,0.0,0.0,0.0,0.0
29428,353.5824279785156,-351.6235046386719,2804.0,2330.0,749.0,0.28893357515335083,0.3477605879306793,0.2633058428764343,,-0.0,3.364769220352173,0.0,0.0,0.0,0.0
29432,353.4065856933594,-351.6845397949219,3191.0,2217.0,571.0,0.28753411769866943,0.348166823387146,0.26429906487464905,,-0.0,3.393568277359009,0.0,0.0,0.0,0.0
29436,353.3186950683594,-175.78123474121094,2657.0,2210.0,440.0,0.28614500164985657,0.34853315353393555,0.26532188057899475,,-0.0,3.4223673343658447,0.0,0.0,0.0,0.0
29440,353.3186950683594,0.0,2691.0,2319.0,604.0,0.28476735949516296,0.34885919094085693,0.2663734555244446,,-0.0,3.4511663913726807,0.0,0.0,0.0,0.0
29444,353.054931640625,-527.52685546875,2718.0,2448.0,726.0,0.28340238332748413,0.34914472699165344,0.2674528956413269,,-0.0,3.4799654483795166,0.0,0.0,0.0,0.0
29448,352.70330810546875,-703.2470092773438,2679.0,2316.0,422.0,0.282051146030426,0.34938952326774597,0.26855936646461487,,-0.0,3.5087645053863525,0.0,0.0,0.0,0.0
29452,352.4395751953125,-527.4658203125,2564.0,2430.0,567.0,0.2807147800922394,0.3495933413505554,0.2696918845176697,,-0.0,3.5375635623931885,0.0,0.0,0.0,0.0
29456,352.1758117675781,-527.52685546875,2612.0,2568.0,707.0,0.2793944478034973,0.34975603222846985,0.2708495557308197,,-0.0,3.5663626194000244,0.0,0.0,0.0,0.0
29460,352.0,-351.6235046386719,3092.0,2483.0,534.0,0.278091162443161,0.3498774468898773,0.27203139662742615,,-0.0,3.5951616764068604,0.0,0.0,0.0,0.0
29464,351.73626708984375,-527.4658203125,2671.0,2484.0,407.0,0.2768060863018036,0.34995749592781067,0.2732364237308502,,-0.0,3.6239607334136963,0.0,0.0,0.0,0.0
29468,351.4725341796875,-527.4658203125,2397.0,2577.0,566.0,0.27554023265838623,0.3499961495399475,0.2744636535644531,,-0.0,3.6527597904205322,0.0,0.0,0.0,0.0
29472,351.1208801269531,-703.3080444335938,2447.0,2725.0,701.0,0.2742946445941925,0.3499932885169983,0.2757120728492737,,-0.0,3.681558847427368,0.0,0.0,0.0,0.0
29476,350.8571472167969,-527.4658203125,2632.0,2592.0,398.0,0.27307039499282837,0.3499490022659302,0.27698060870170593,,-0.0,3.710357904434204,0.0,0.0,0.0,0.0
29480,350.6813049316406,-351.6845397949219,2295.0,2702.0,570.0,0.2718684673309326,0.34986329078674316,0.2782682478427887,,-0.0,3.73915696144104,0.0,0.0,0.0,0.0
29484,350.4175720214844,-527.4658203125,2330.0,2836.0,704.0,0.27068987488746643,0.34973621368408203,0.279573917388916,,-0.0,3.767956018447876,0.0,0.0,0.0,0.0
29488,350.0659484863281,-703.2470092773438,2926.0,2764.0,539.0,0.2695356011390686,0.34956789016723633,0.28089651465415955,,-0.0,3.796755075454712,0.0,0.0,0.0,0.0
29492,349.71429443359375,-703.3080444335938,2577.0,2730.0,408.0,0.26840656995773315,0.349358469247818,0.28223496675491333,,-0.0,3.825554132461548,0.0,0.0,0.0,0.0
29496,349.4505615234375,-527.4658203125,2177.0,2842.0,586.0,0.2673037648200989,0.34910809993743896,0.28358814120292664,,-0.0,3.854353189468384,0.0,0.0,0.0,0.0
29500,349.1867980957031,-527.52685546875,2102.0,2979.0,728.0,0.266228049993515,0.34881702065467834,0.2849549353122711,,-0.0,3.8831522464752197,0.0,0.0,0.0,0.0
29504,348.9230651855469,-527.4658203125,2442.0,2836.0,430.0,0.265180379152298,0.34848544001579285,0.28633418679237366,,-0.0,3.9119513034820557,0.0,0.0,0.0,0.0
29508,348.6593322753906,-527.4658203125,2073.0,2932.0,608.0,0.2641615569591522,0.34811365604400635,0.2877247929573059,,-0.0,3.9407503604888916,0.0,0.0,0.0,0.0
29512,348.30767822265625,-703.3080444335938,1957.0,3054.0,746.0,0.263172447681427,0.3477019667625427,0.28912559151649475,,-0.0,3.9695494174957275,0.0,0.0,0.0,0.0
29516,348.0439453125,-527.4658203125,2762.0,2952.0,572.0,0.26221388578414917,0.34725072979927063,0.2905353903770447,,-0.0,3.9983484745025635,0.0,0.0,0.0,0.0
29520,347.8681335449219,-351.6235046386719,2371.0,2924.0,454.0,0.2612866759300232,0.3467603027820587,0.29195302724838257,,-0.0,4.0271477699279785,0.0,0.0,0.0,0.0
29524,347.8681335449219,0.0,1964.0,3012.0,628.0,0.26039156317710876,0.346231073141098,0.2933773398399353,,-0.0,4.0559468269348145,0.0,0.0,0.0,0.0
29528,347.78021240234375,-175.84226989746094,1812.0,3148.0,786.0,0.2595292925834656,0.34566351771354675,0.29480716586112976,,-0.0,4.08474588394165,0.0,0.0,0.0,0.0
29532,347.4285583496094,-703.3080444335938,2281.0,2986.0,499.0,0.2587006092071533,0.3450581133365631,0.29624128341674805,,-0.0,4.113544940948486,0.0,0.0,0.0,0.0
29536,347.0769348144531,-703.2470092773438,1891.0,3076.0,681.0,0.2579061686992645,0.3444153070449829,0.29767853021621704,,-0.0,4.142343997955322,0.0,0.0,0.0,0.0
29540,346.72528076171875,-703.3080444335938,1677.0,3217.0,845.0,0.2571466267108917,0.3437356948852539,0.29911768436431885,,-0.0,4.171143054962158,0.0,0.0,0.0,0.0
29544,346.5494384765625,-351.6845397949219,2679.0,3106.0,685.0,0.25642263889312744,0.3430197834968567,0.30055758357048035,,-0.0,4.199942111968994,0.0,0.0,0.0,0.0
29548,346.3736267089844,-351.6235046386719,2040.0,3065.0,567.0,0.25573477149009705,0.3422681987285614,0.30199700593948364,,-0.0,4.22874116897583,0.0,0.0,0.0,0.0
29552,346.19781494140625,-351.6235046386719,1826.0,3149.0,755.0,0.2550836205482483,0.3414815664291382,0.3034347891807556,,-0.0,4.257540225982666,0.0,0.0,0.0,0.0
29556,346.02197265625,-351.6845397949219,2652.0,3141.0,729.0,0.25446972250938416,0.34066054224967957,0.30486971139907837,,-0.0,4.286339282989502,0.0,0.0,0.0,0.0
29560,345.9340515136719,-175.84226989746094,2146.0,3097.0,624.0,0.25389358401298523,0.3398057818412781,0.3063006103038788,,-0.0,4.315138339996338,0.0,0.0,0.0,0.0
29564,345.75823974609375,-351.6235046386719,2011.0,3179.0,811.0,0.2533556818962097,0.3389180302619934,0.30772626399993896,,-0.0,4.343937397003174,0.0,0.0,0.0,0.0
29568,345.4945068359375,-527.4658203125,1655.0,3314.0,987.0,0.25285646319389343,0.33799800276756287,0.3091455399990082,,-0.0,4.37273645401001,0.0,0.0,0.0,0.0
29572,345.23077392578125,-527.4658203125,2530.0,3194.0,832.0,0.2523963451385498,0.33704644441604614,0.31055721640586853,,-0.0,4.401535511016846,0.0,0.0,0.0,0.0
29576,344.967041015625,-527.4658203125,2192.0,3158.0,734.0,0.2519757151603699,0.3360641598701477,0.3119601309299469,,-0.0,4.430334568023682,0.0,0.0,0.0,0.0
29580,344.70330810546875,-527.4658203125,1871.0,3240.0,925.0,0.2515949010848999,0.3350519835948944,0.31335312128067017,,-0.0,4.459133625030518,0.0,0.0,0.0,0.0
29584,344.4395751953125,-527.4658203125,2304.0,3232.0,921.0,0.25125423073768616,0.3340107202529907,0.3147350549697876,,-0.0,4.4879326820373535,0.0,0.0,0.0,0.0
29588,344.26373291015625,-351.6845397949219,2061.0,3191.0,826.0,0.2509540021419525,0.3329412639141083,0.3161047399044037,,-0.0,4.5167317390441895,0.0,0.0,0.0,0.0
29592,344.0,-527.4658203125,1665.0,3264.0,1024.0,0.2506944239139557,0.3318444788455963,0.3174611032009125,,-0.0,4.545530796051025,0.0,0.0,0.0,0.0
29596,343.73626708984375,-527.4658203125,1458.0,3392.0,1211.0,0.25047576427459717,0.33072128891944885,0.31880295276641846,,-0.0,4.574329853057861,0.0,0.0,0.0,0.0
29600,343.5604248046875,-351.6845397949219,2295.0,3265.0,1055.0,0.2502981424331665,0.3295726180076599,0.32012924551963806,,-0.0,4.603128910064697,0.0,0.0,0.0,0.0
29604,343.29669189453125,-527.4658203125,1879.0,3216.0,960.0,0.2501617670059204,0.3283994197845459,0.32143881916999817,,-0.0,4.631927967071533,0.0,0.0,0.0,0.0
29608,343.1208801269531,-351.6235046386719,1470.0,3289.0,1174.0,0.25006669759750366,0.3272026777267456,0.3227306008338928,,-0.0,4.660727024078369,0.0,0.0,0.0,0.0
29612,342.8571472167969,-527.4658203125,2382.0,3271.0,1164.0,0.2500130534172058,0.3259833753108978,0.32400357723236084,,-0.0,4.689526081085205,0.0,0.0,0.0,0.0
29616,342.5934143066406,-527.4658203125,1829.0,3234.0,1096.0,0.25000089406967163,0.32474252581596375,0.3252566158771515,,-0.0,4.718325138092041,0.0,0.0,0.0,0.0
29620,342.3296813964844,-527.4658203125,1447.0,3289.0,1304.0,0.25003015995025635,0.32348114252090454,0.3264887034893036,,-0.0,4.747124195098877,0.0,0.0,0.0,0.0
29624,341.97802734375,-703.3080444335938,1247.0,3409.0,1488.0,0.25010088086128235,0.32220029830932617,0.32769882678985596,,-0.0,4.775923252105713,0.0,0.0,0.0,0.0
29628,341.6263732910156,-703.3080444335938,2233.0,3274.0,1335.0,0.25021299719810486,0.3209010362625122,0.3288859724998474,,-0.0,4.804722309112549,0.0,0.0,0.0,0.0
29632,341.3626403808594,-527.4658203125,2005.0,3220.0,1244.0,0.2503663897514343,0.319584459066391,0.33004918694496155,,-0.0,4.833521366119385,0.0,0.0,0.0,0.0
29636,341.0989074707031,-527.4658203125,1380.0,3286.0,1472.0,0.2505609393119812,0.3182516098022461,0.3311874568462372,,-0.0,4.862320423126221,0.0,0.0,0.0,0.0
29640,340.8351745605469,-527.4658203125,2003.0,3264.0,1459.0,0.25079649686813354,0.31690365076065063,0.3322998881340027,,-0.0,4.891119480133057,0.0,0.0,0.0,0.0
29644,340.5714416503906,-527.4658203125,1998.0,3204.0,1356.0,0.25107285380363464,0.31554165482521057,0.33338549733161926,,-0.0,4.919918537139893,0.0,0.0,0.0,0.0
29648,340.30767822265625,-527.52685546875,1461.0,3264.0,1584.0,0.2513898015022278,0.31416675448417664,0.33444344997406006,,-0.0,4.9487175941467285,0.0,0.0,0.0,0.0
30456,293.71429443359375,-527.4658203125,2139.0,3174.0,799.0,0.25130414962768555,0.33417317271232605,0.31452274322509766,,-0.0,10.766676902770996,0.0,0.0,0.0,0.0
30460,293.5384521484375,-351.6845397949219,1879.0,3368.0,1142.0,0.2509976029396057,0.3331077992916107,0.3158946633338928,,-0.0,10.79548168182373,0.0,0.0,0.0,0.0
30464,293.27471923828125,-527.4658203125,2325.0,3240.0,992.0,0.2507317066192627,0.33201494812965393,0.3172534108161926,,-0.0,10.824286460876465,0.0,0.0,0.0,0.0
30468,293.0989074707031,-351.6235046386719,1953.0,3196.0,890.0,0.2505066692829132,0.3308955132961273,0.31859785318374634,,-0.0,10.8530912399292,0.0,0.0,0.0,0.0
30472,292.9230651855469,-351.6845397949219,1594.0,3259.0,1098.0,0.25032272934913635,0.3297504782676697,0.3199268579483032,,-0.0,10.881896018981934,0.0,0.0,0.0,0.0
30476,292.6593322753906,-527.4658203125,1283.0,3406.0,1287.0,0.2501799762248993,0.32858073711395264,0.32123932242393494,,-0.0,10.910700798034668,0.0,0.0,0.0,0.0
30480,292.3955993652344,-527.4658203125,2409.0,3261.0,1131.0,0.25007855892181396,0.3273873031139374,0.3225341737270355,,-0.0,10.939505577087402,0.0,0.0,0.0,0.0
30484,292.21978759765625,-351.6235046386719,1818.0,3217.0,1033.0,0.2500185966491699,0.3261711597442627,0.32381030917167664,,-0.0,10.968310356140137,0.0,0.0,0.0,0.0
30488,291.9560546875,-527.4658203125,1259.0,3405.0,1409.0,0.2500000596046448,0.324933260679245,0.3250667154788971,,-0.0,10.997115135192871,0.0,0.0,0.0,0.0
30492,291.69232177734375,-527.4658203125,2391.0,3266.0,1259.0,0.2500230073928833,0.3236747086048126,0.32630231976509094,,-0.0,11.025919914245605,0.0,0.0,0.0,0.0
30496,291.3406677246094,-703.3080444335938,1873.0,3221.0,1161.0,0.2500874400138855,0.32239651679992676,0.3275160789489746,,-0.0,11.05472469329834,0.0,0.0,0.0,0.0
30500,290.989013671875,-703.3080444335938,1370.0,3278.0,1387.0,0.2501932680606842,0.32109972834587097,0.3287070393562317,,-0.0,11.083529472351074,0.0,0.0,0.0,0.0
30504,290.72528076171875,-527.4658203125,1351.0,3413.0,1581.0,0.2502997815608978,0.3201155364513397,0.32958465814590454,,-0.0,11.105133056640625,0.0,0.0,0.0,0.0
30508,290.5494384765625,-351.6845397949219,2209.0,3264.0,1345.0,0.25016292929649353,0.32142555713653564,0.3284114599227905,,-0.0,11.07632827758789,0.0,0.0,0.0,0.0
30512,290.3736267089844,-351.6235046386719,1379.0,3272.0,1374.0,0.25006744265556335,0.3227177858352661,0.32721471786499023,,-0.0,11.047523498535156,0.0,0.0,0.0,0.0
30516,290.72528076171875,703.3080444335938,1235.0,3416.0,1492.0,0.2500133812427521,0.32399117946624756,0.32599538564682007,,-0.0,11.018718719482422,0.0,0.0,0.0,0.0
30520,291.0769348144531,703.3080444335938,2435.0,3267.0,1227.0,0.25000080466270447,0.325244665145874,0.3247544765472412,,-0.0,10.989913940429688,0.0,0.0,0.0,0.0
30524,291.4285583496094,703.2470092773438,1842.0,3216.0,1052.0,0.25002968311309814,0.3264772295951843,0.32349303364753723,,-0.0,10.961109161376953,0.0,0.0,0.0,0.0
30528,291.6044006347656,351.6845397949219,1475.0,3265.0,1184.0,0.2501000463962555,0.3276877999305725,0.3222121298313141,,-0.0,10.932304382324219,0.0,0.0,0.0,0.0
30532,291.78021240234375,351.6235046386719,1239.0,3407.0,1302.0,0.25021180510520935,0.3288753926753998,0.32091277837753296,,-0.0,10.903499603271484,0.0,0.0,0.0,0.0
30536,292.0439453125,527.4658203125,2294.0,3255.0,1073.0,0.25036484003067017,0.33003905415534973,0.3195960521697998,,-0.0,10.87469482421875,0.0,0.0,0.0,0.0
30540,292.30767822265625,527.4658203125,1630.0,3258.0,1074.0,0.25055909156799316,0.3311777710914612,0.31826308369636536,,-0.0,10.845890045166016,0.0,0.0,0.0,0.0
30544,292.5714416503906,527.52685546875,1593.0,3404.0,1204.0,0.25079435110092163,0.3322906494140625,0.31691497564315796,,-0.0,10.817085266113281,0.0,0.0,0.0,0.0
30548,292.74725341796875,351.6235046386719,2304.0,3239.0,970.0,0.25107043981552124,0.3333767056465149,0.31555283069610596,,-0.0,10.788280487060547,0.0,0.0,0.0,0.0
30552,293.010986328125,527.4658203125,2116.0,3176.0,808.0,0.2513870894908905,0.3344350755214691,0.3141777813434601,,-0.0,10.759475708007812,0.0,0.0,0.0,0.0
30556,293.1867980957031,351.6235046386719,1885.0,3224.0,946.0,0.2517441213130951,0.3354648947715759,0.31279096007347107,,-0.0,10.730670928955078,0.0,0.0,0.0,0.0
30560,293.3626403808594,351.6845397949219,2084.0,3347.0,1069.0,0.25214114785194397,0.3364652693271637,0.31139352917671204,,-0.0,10.701866149902344,0.0,0.0,0.0,0.0
30564,293.6263732910156,527.4658203125,2471.0,3192.0,848.0,0.25257790088653564,0.33743542432785034,0.3099866509437561,,-0.0,10.67306137084961,0.0,0.0,0.0,0.0
30568,293.80218505859375,351.6235046386719,2239.0,3184.0,860.0,0.2530539929866791,0.3383744955062866,0.3085714876651764,,-0.0,10.644256591796875,0.0,0.0,0.0,0.0
30572,294.0659484863281,527.52685546875,1559.0,3311.0,984.0,0.2535690367221832,0.33928170800209045,0.307149201631546,,-0.0,10.61545181274414,0.0,0.0,0.0,0.0
30576,294.3296813964844,527.4658203125,2781.0,3137.0,761.0,0.25412261486053467,0.3401563763618469,0.3057209849357605,,-0.0,10.586647033691406,0.0,0.0,0.0,0.0
30580,294.5054931640625,351.6235046386719,1959.0,3087.0,616.0,0.2547142207622528,0.34099769592285156,0.30428802967071533,,-0.0,10.557842254638672,0.0,0.0,0.0,0.0
30584,294.6813049316406,351.6235046386719,1853.0,3122.0,759.0,0.2553434371948242,0.34180501103401184,0.30285152792930603,,-0.0,10.529037475585938,0.0,0.0,0.0,0.0
30588,294.945068359375,527.52685546875,1630.0,3246.0,892.0,0.25600966811180115,0.34257763624191284,0.3014126420021057,,-0.0,10.500232696533203,0.0,0.0,0.0,0.0
30592,295.1208801269531,351.6235046386719,2661.0,3094.0,693.0,0.2567124366760254,0.3433149456977844,0.2999725937843323,,-0.0,10.471427917480469,0.0,0.0,0.0,0.0
30596,295.20880126953125,175.84226989746094,1877.0,3076.0,710.0,0.2574510872364044,0.34401631355285645,0.2985325753688812,,-0.0,10.442623138427734,0.0,0.0,0.0,0.0
30600,295.29669189453125,175.78123474121094,1716.0,3204.0,848.0,0.25822505354881287,0.34468117356300354,0.2970937490463257,,-0.0,10.413818359375,0.0,0.0,0.0,0.0
30604,295.4725341796875,351.6845397949219,2662.0,3031.0,642.0,0.2590336799621582,0.34530895948410034,0.29565736651420593,,-0.0,10.385013580322266,0.0,0.0,0.0,0.0
30608,295.73626708984375,527.4658203125,2272.0,2972.0,501.0,0.2598762810230255,0.34589913487434387,0.2942245602607727,,-0.0,10.356208801269531,0.0,0.0,0.0,0.0
30612,296.0879211425781,703.3080444335938,1970.0,2998.0,646.0,0.2607521712779999,0.3464512526988983,0.2927965521812439,,-0.0,10.327404022216797,0.0,0.0,0.0,0.0
30616,296.3516540527344,527.4658203125,1873.0,3104.0,776.0,0.261660635471344,0.3469648063182831,0.291374534368515,,-0.0,10.298599243164062,0.0,0.0,0.0,0.0
30620,296.5274658203125,351.6235046386719,2757.0,2952.0,593.0,0.2626008987426758,0.34743940830230713,0.2899596691131592,,-0.0,10.269794464111328,0.0,0.0,0.0,0.0
30624,296.79119873046875,527.4658203125,2029.0,2936.0,618.0,0.26357218623161316,0.3478746712207794,0.2885531187057495,,-0.0,10.240989685058594,0.0,0.0,0.0,0.0
30628,296.8791198730469,175.84226989746094,1989.0,3051.0,763.0,0.26457372307777405,0.3482701778411865,0.2871560752391815,,-0.0,10.21218490600586,0.0,0.0,0.0,0.0
30632,296.967041015625,175.84226989746094,2795.0,2883.0,575.0,0.2656046152114868,0.34862565994262695,0.28576967120170593,,-0.0,10.183380126953125,0.0,0.0,0.0,0.0
30636,297.1428527832031,351.6235046386719,2460.0,2812.0,441.0,0.266664057970047,0.34894081950187683,0.28439509868621826,,-0.0,10.15457534790039,0.0,0.0,0.0,0.0
30640,297.4065856933594,527.4658203125,2156.0,2852.0,602.0,0.26775115728378296,0.3492153286933899,0.28303346037864685,,-0.0,10.125770568847656,0.0,0.0,0.0,0.0
30644,297.8461608886719,879.1503295898438,2171.0,2936.0,728.0,0.26886501908302307,0.3494490385055542,0.28168588876724243,,-0.0,10.096965789794922,0.0,0.0,0.0,0.0
30648,298.19781494140625,703.3080444335938,2566.0,2726.0,422.0,0.2700047194957733,0.34964171051979065,0.2803535461425781,,-0.0,10.068161010742188,0.0,0.0,0.0,0.0
30652,298.4615478515625,527.4658203125,2286.0,2732.0,572.0,0.2711693048477173,0.3497931957244873,0.2790374755859375,,-0.0,10.039356231689453,0.0,0.0,0.0,0.0
30656,298.72528076171875,527.4658203125,2374.0,2824.0,712.0,0.2723577916622162,0.349903404712677,0.2777388095855713,,-0.0,10.010551452636719,0.0,0.0,0.0,0.0
30660,298.989013671875,527.4658203125,2964.0,2650.0,531.0,0.2735692262649536,0.3499721586704254,0.27645859122276306,,-0.0,9.981746673583984,0.0,0.0,0.0,0.0
30664,299.25274658203125,527.4658203125,2647.0,2562.0,398.0,0.2748025953769684,0.34999948740005493,0.27519792318344116,,-0.0,9.95294189453125,0.0,0.0,0.0,0.0
30668,299.6044006347656,703.3080444335938,2379.0,2593.0,561.0,0.27605685591697693,0.3499853014945984,0.2739578187465668,,-0.0,9.924137115478516,0.0,0.0,0.0,0.0
30672,299.9560546875,703.3080444335938,2543.0,2676.0,704.0,0.2773309648036957,0.34992966055870056,0.27273932099342346,,-0.0,9.895332336425781,0.0,0.0,0.0,0.0
30676,300.1318664550781,351.6235046386719,2720.0,2458.0,397.0,0.27862390875816345,0.3498326241970062,0.2715434730052948,,-0.0,9.866527557373047,0.0,0.0,0.0,0.0
30680,300.4835205078125,703.3080444335938,2513.0,2480.0,566.0,0.2799345850944519,0.3496941924095154,0.2703711986541748,,-0.0,9.837722778320312,0.0,0.0,0.0,0.0
30684,300.74725341796875,527.4658203125,2667.0,2560.0,708.0,0.2812618911266327,0.34951457381248474,0.26922351121902466,,-0.0,9.808917999267578,0.0,0.0,0.0,0.0
30688,301.0989074707031,703.3080444335938,3149.0,2390.0,544.0,0.28260475397109985,0.34929385781288147,0.26810136437416077,,-0.0,9.780113220214844,0.0,0.0,0.0,0.0
30692,301.27471923828125,351.6235046386719,2674.0,2298.0,417.0,0.28396207094192505,0.3490322530269623,0.26700568199157715,,-0.0,9.75130844116211,0.0,0.0,0.0,0.0
30696,301.5384521484375,527.4658203125,2729.0,2336.0,600.0,0.28533264994621277,0.3487299382686615,0.2659373879432678,,-0.0,9.722503662109375,0.0,0.0,0.0,0.0
30700,301.71429443359375,351.6845397949219,2765.0,2397.0,741.0,0.28671544790267944,0.348387211561203,0.26489731669425964,,-0.0,9.69369888305664,0.0,0.0,0.0,0.0
30704,301.97802734375,527.4658203125,2695.0,2184.0,446.0,0.2881092429161072,0.34800437092781067,0.26388639211654663,,-0.0,9.664894104003906,0.0,0.0,0.0,0.0
30708,302.1538391113281,351.6235046386719,2799.0,2224.0,609.0,0.28951287269592285,0.3475816547870636,0.26290544867515564,,-0.0,9.636089324951172,0.0,0.0,0.0,0.0
30712,302.3296813964844,351.6845397949219,2844.0,2329.0,755.0,0.2909252345561981,0.3471194803714752,0.26195526123046875,,-0.0,9.607284545898438,0.0,0.0,0.0,0.0
30716,302.4175720214844,175.78123474121094,3230.0,2162.0,591.0,0.2923451364040375,0.3466182351112366,0.26103663444519043,,-0.0,9.578479766845703,0.0,0.0,0.0,0.0
30720,302.4175720214844,0.0,2721.0,2081.0,468.0,0.2937713861465454,0.3460782766342163,0.26015031337738037,,-0.0,9.549674987792969,0.0,0.0,0.0,0.0
30724,302.5934143066406,351.6845397949219,2967.0,2106.0,647.0,0.2952027916908264,0.345500111579895,0.25929710268974304,,-0.0,9.520870208740234,0.0,0.0,0.0,0.0
30728,302.945068359375,703.3080444335938,2899.0,2177.0,811.0,0.296638160943985,0.3448841869831085,0.2584776282310486,,-0.0,9.4920654296875,0.0,0.0,0.0,0.0
30732,303.20880126953125,527.4658203125,2787.0,1960.0,521.0,0.298076331615448,0.3442310392856598,0.2576926052570343,,-0.0,9.463260650634766,0.0,0.0,0.0,0.0
30736,303.3846130371094,351.6235046386719,3027.0,1984.0,699.0,0.29951611161231995,0.3435411751270294,0.2569426894187927,,-0.0,9.434455871582031,0.0,0.0,0.0,0.0
30740,303.4725341796875,175.84226989746094,3043.0,2068.0,857.0,0.30095627903938293,0.34281522035598755,0.256228506565094,,-0.0,9.405651092529297,0.0,0.0,0.0,0.0
30744,303.6483459472656,351.6235046386719,2874.0,1911.0,697.0,0.30239567160606384,0.34205371141433716,0.2555506229400635,,-0.0,9.376846313476562,0.0,0.0,0.0,0.0
30748,303.73626708984375,175.84226989746094,2933.0,1830.0,588.0,0.3038330674171448,0.3412573039531708,0.2549096345901489,,-0.0,9.348041534423828,0.0,0.0,0.0,0.0
30752,303.9120788574219,351.6235046386719,3007.0,1856.0,762.0,0.3052672743797302,0.3404266834259033,0.25430601835250854,,-0.0,9.319236755371094,0.0,0.0,0.0,0.0
30756,304.0,175.84226989746094,2871.0,1939.0,936.0,0.3066971004009247,0.3395625352859497,0.2537403404712677,,-0.0,9.29043197631836,0.0,0.0,0.0,0.0
30760,304.1758117675781,351.6235046386719,3021.0,1736.0,656.0,0.30812138319015503,0.33866554498672485,0.2532130479812622,,-0.0,9.261627197265625,0.0,0.0,0.0,0.0
30764,304.4395751953125,527.52685546875,3473.0,1742.0,841.0,0.30953893065452576,0.33773648738861084,0.2527245581150055,,-0.0,9.23282241821289,0.0,0.0,0.0,0.0
30768,304.70330810546875,527.4658203125,3086.0,1814.0,1012.0,0.31094858050346375,0.33677610754966736,0.252275288105011,,-0.0,9.204017639160156,0.0,0.0,0.0,0.0
30772,304.967041015625,527.4658203125,3367.0,1645.0,861.0,0.3123491406440735,0.33578523993492126,0.2518656253814697,,-0.0,9.175212860107422,0.0,0.0,0.0,0.0
30776,305.1428527832031,351.6235046386719,2893.0,1538.0,754.0,0.3137394189834595,0.33476465940475464,0.251495897769928,,-0.0,9.146408081054688,0.0,0.0,0.0,0.0
30780,305.3186950683594,351.6845397949219,3301.0,1578.0,962.0,0.31511834263801575,0.3337152302265167,0.2511664032936096,,-0.0,9.117603302001953,0.0,0.0,0.0,0.0
30784,305.5824279785156,527.4658203125,3383.0,1648.0,1138.0,0.3164846897125244,0.33263784646987915,0.2508774399757385,,-0.0,9.088798522949219,0.0,0.0,0.0,0.0
30788,305.75823974609375,351.6235046386719,2824.0,1435.0,854.0,0.3178373873233795,0.33153337240219116,0.2506292164325714,,-0.0,9.059993743896484,0.0,0.0,0.0,0.0
30792,306.02197265625,527.4658203125,3167.0,1448.0,1049.0,0.31917527318000793,0.33040276169776917,0.2504219710826874,,-0.0,9.03118896484375,0.0,0.0,0.0,0.0
30796,306.19781494140625,351.6845397949219,3261.0,1528.0,1239.0,0.3204972445964813,0.3292469084262848,0.25025585293769836,,-0.0,9.002384185791016,0.0,0.0,0.0,0.0
30800,306.4615478515625,527.4658203125,3461.0,1358.0,1088.0,0.3218022286891937,0.32806679606437683,0.2501309812068939,,-0.0,8.973579406738281,0.0,0.0,0.0,0.0
30804,306.72528076171875,527.4658203125,2983.0,1269.0,988.0,0.3230890929698944,0.3268633782863617,0.250047504901886,,-0.0,8.944774627685547,0.0,0.0,0.0,0.0
30808,306.989013671875,527.4658203125,2875.0,1312.0,1206.0,0.3243568241596222,0.32563769817352295,0.25000548362731934,,-0.0,8.915969848632812,0.0,0.0,0.0,0.0
30812,307.25274658203125,527.4658203125,3255.0,1226.0,1210.0,0.3256043493747711,0.3243907392024994,0.25000491738319397,,-0.0,8.887165069580078,0.0,0.0,0.0,0.0
30816,307.4285583496094,351.6235046386719,3463.0,1156.0,1109.0,0.3268306255340576,0.3231235444545746,0.2500458359718323,,-0.0,8.858360290527344,0.0,0.0,0.0,0.0
30820,307.8681335449219,879.1503295898438,2913.0,1160.0,1323.0,0.3280346393585205,0.3218371570110321,0.25012820959091187,,-0.0,8.82955551147461,0.0,0.0,0.0,0.0
30824,308.1318664550781,527.4658203125,3115.0,1230.0,1519.0,0.329215407371521,0.3205326497554779,0.2502519488334656,,-0.0,8.800750732421875,0.0,0.0,0.0,0.0
30828,308.4835205078125,703.3080444335938,3453.0,1066.0,1367.0,0.3303719162940979,0.31921112537384033,0.25041696429252625,,-0.0,8.77194595336914,0.0,0.0,0.0,0.0
30832,308.74725341796875,527.4658203125,3667.0,990.0,1271.0,0.3315032422542572,0.31787365674972534,0.25062310695648193,,-0.0,8.743141174316406,0.0,0.0,0.0,0.0
30836,309.010986328125,527.4658203125,3213.0,1001.0,1473.0,0.3326084315776825,0.3165213465690613,0.2508702278137207,,-0.0,8.714336395263672,0.0,0.0,0.0,0.0
30840,309.1867980957031,351.6235046386719,3485.0,965.0,1477.0,0.33368656039237976,0.3151553273200989,0.25115811824798584,,-0.0,8.685531616210938,0.0,0.0,0.0,0.0
30844,309.5384521484375,703.3080444335938,3543.0,880.0,1380.0,0.33473673462867737,0.31377676129341125,0.25148651003837585,,-0.0,8.656726837158203,0.0,0.0,0.0,0.0
30848,309.80218505859375,527.4658203125,3355.0,917.0,1597.0,0.3357580900192261,0.31238675117492676,0.25185516476631165,,-0.0,8.627922058105469,0.0,0.0,0.0,0.0
30852,310.1538391113281,703.3080444335938,2686.0,996.0,1796.0,0.336749792098999,0.3109864592552185,0.25226375460624695,,-0.0,8.599117279052734,0.0,0.0,0.0,0.0
30856,310.4175720214844,527.4658203125,3407.0,847.0,1639.0,0.33771100640296936,0.3095770478248596,0.2527119517326355,,-0.0,8.5703125,0.0,0.0,0.0,0.0
30860,310.5934143066406,351.6845397949219,3943.0,766.0,1536.0,0.3386409282684326,0.3081597089767456,0.25319936871528625,,-0.0,8.541507720947266,0.0,0.0,0.0,0.0
30864,310.945068359375,703.3080444335938,3449.0,806.0,1766.0,0.3395387828350067,0.3067355751991272,0.25372564792633057,,-0.0,8.512702941894531,0.0,0.0,0.0,0.0
30868,311.20880126953125,527.4658203125,3355.0,774.0,1765.0,0.34040382504463196,0.3053058683872223,0.25429028272628784,,-0.0,8.483898162841797,0.0,0.0,0.0,0.0
30872,311.4725341796875,527.4658203125,3699.0,701.0,1661.0,0.34123536944389343,0.3038717806339264,0.25489288568496704,,-0.0,8.455093383789062,0.0,0.0,0.0,0.0
30876,311.73626708984375,527.4658203125,3543.0,733.0,1874.0,0.34203270077705383,0.30243444442749023,0.2555328607559204,,-0.0,8.426288604736328,0.0,0.0,0.0,0.0
30880,312.0,527.4658203125,2599.0,826.0,2062.0,0.34279513359069824,0.3009951114654541,0.25620976090431213,,-0.0,8.397483825683594,0.0,0.0,0.0,0.0
30884,312.26373291015625,527.4658203125,3313.0,690.0,1893.0,0.3435220718383789,0.2995549440383911,0.25692299008369446,,-0.0,8.36867904663086,0.0,0.0,0.0,0.0
30888,312.3516540527344,175.84226989746094,3637.0,627.0,1780.0,0.34421291947364807,0.2981151342391968,0.25767195224761963,,-0.0,8.339874267578125,0.0,0.0,0.0,0.0
30892,312.4395751953125,175.84226989746094,3594.0,671.0,1998.0,0.344867080450058,0.296676903963089,0.2584560215473175,,-0.0,8.31106948852539,0.0,0.0,0.0,0.0
30896,312.6153869628906,351.6235046386719,3187.0,646.0,1983.0,0.34548401832580566,0.29524141550064087,0.25927457213401794,,-0.0,8.282264709472656,0.0,0.0,0.0,0.0
30900,312.967041015625,703.3080444335938,3512.0,585.0,1888.0,0.34606319665908813,0.2938098907470703,0.26012691855430603,,-0.0,8.253459930419922,0.0,0.0,0.0,0.0
30904,313.23077392578125,527.4658203125,3691.0,617.0,2108.0,0.3466041684150696,0.29238349199295044,0.26101231575012207,,-0.0,8.224655151367188,0.0,0.0,0.0,0.0
30908,313.5824279785156,703.3080444335938,3054.0,714.0,2309.0,0.3471064865589142,0.29096344113349915,0.26193007826805115,,-0.0,8.195850372314453,0.0,0.0,0.0,0.0
30912,313.8461608886719,527.4658203125,2945.0,578.0,2145.0,0.3475697338581085,0.2895508408546448,0.2628794312477112,,-0.0,8.167045593261719,0.0,0.0,0.0,0.0
30916,314.02197265625,351.6235046386719,3325.0,536.0,2026.0,0.34799349308013916,0.2881469428539276,0.2638595700263977,,-0.0,8.138240814208984,0.0,0.0,0.0,0.0
30920,314.19781494140625,351.6845397949219,3644.0,579.0,2223.0,0.34837743639945984,0.2867528796195984,0.26486971974372864,,-0.0,8.10943603515625,0.0,0.0,0.0,0.0
30924,314.28570556640625,175.78123474121094,2878.0,566.0,2210.0,0.3487212359905243,0.28536978363990784,0.26590898633003235,,-0.0,8.080631256103516,0.0,0.0,0.0,0.0
30928,314.3736267089844,175.84226989746094,3235.0,524.0,2108.0,0.34902462363243103,0.28399884700775146,0.266976535320282,,-0.0,8.051826477050781,0.0,0.0,0.0,0.0
30932,314.4615478515625,175.84226989746094,3590.0,571.0,2324.0,0.34928733110427856,0.2826411724090576,0.2680715024471283,,-0.0,8.023021697998047,0.0,0.0,0.0,0.0
30936,314.9010925292969,879.0892944335938,3029.0,660.0,2516.0,0.3495091497898102,0.2812979817390442,0.2691928744316101,,-0.0,7.994218349456787,0.0,0.0,0.0,0.0
30940,315.25274658203125,703.3080444335938,2747.0,540.0,2354.0,0.34968987107276917,0.2799704670906067,0.2703396677970886,,-0.0,7.965419292449951,0.0,0.0,0.0,0.0
30944,315.5164794921875,527.4658203125,3071.0,493.0,2268.0,0.34982937574386597,0.2786596119403839,0.2715110182762146,,-0.0,7.936620235443115,0.0,0.0,0.0,0.0
30948,315.78021240234375,527.4658203125,3491.0,558.0,2485.0,0.34992754459381104,0.27736642956733704,0.2727060317993164,,-0.0,7.907821178436279,0.0,0.0,0.0,0.0
30952,316.0439453125,527.4658203125,2638.0,540.0,2473.0,0.3499843180179596,0.276091992855072,0.2739236652851105,,-0.0,7.879022121429443,0.0,0.0,0.0,0.0
30956,316.21978759765625,351.6845397949219,3015.0,493.0,2365.0,0.34999963641166687,0.2748374342918396,0.275162935256958,,-0.0,7.850223064422607,0.0,0.0,0.0,0.0
30960,316.5714416503906,703.3080444335938,3419.0,555.0,2582.0,0.34997349977493286,0.2736037075519562,0.27642279863357544,,-0.0,7.8214240074157715,0.0,0.0,0.0,0.0
30964,316.8351745605469,527.4658203125,3025.0,648.0,2776.0,0.34990590810775757,0.2723918855190277,0.2777021825313568,,-0.0,7.7926249504089355,0.0,0.0,0.0,0.0
30968,317.0989074707031,527.4658203125,2510.0,544.0,2617.0,0.34979695081710815,0.271202951669693,0.27900010347366333,,-0.0,7.7638258934021,0.0,0.0,0.0,0.0
30972,317.3626403808594,527.4658203125,2897.0,498.0,2516.0,0.349646657705307,0.2700379192829132,0.28031542897224426,,-0.0,7.735026836395264,0.0,0.0,0.0,0.0
30976,317.6263732910156,527.4658203125,2783.0,666.0,2888.0,0.34945520758628845,0.2688977122306824,0.28164705634117126,,-0.0,7.706227779388428,0.0,0.0,0.0,0.0
30980,317.8901062011719,527.4658203125,2427.0,557.0,2717.0,0.34922274947166443,0.2677833139896393,0.28299394249916077,,-0.0,7.677428722381592,0.0,0.0,0.0,0.0
30984,318.1538391113281,527.4658203125,2871.0,524.0,2618.0,0.34894946217536926,0.26669561862945557,0.28435489535331726,,-0.0,7.648629665374756,0.0,0.0,0.0,0.0
30988,318.3296813964844,351.6845397949219,3220.0,594.0,2829.0,0.34863558411598206,0.26563555002212524,0.2857288420200348,,-0.0,7.61983060836792,0.0,0.0,0.0,0.0
30992,318.5934143066406,527.4658203125,2607.0,697.0,3015.0,0.3482813835144043,0.26460400223731995,0.28711462020874023,,-0.0,7.591031551361084,0.0,0.0,0.0,0.0
30996,318.76922607421875,351.6235046386719,2332.0,588.0,2829.0,0.3478870987892151,0.26360177993774414,0.28851109743118286,,-0.0,7.562232494354248,0.0,0.0,0.0,0.0
31000,319.032958984375,527.4658203125,2774.0,548.0,2721.0,0.34745314717292786,0.26262977719306946,0.28991708159446716,,-0.0,7.533433437347412,0.0,0.0,0.0,0.0
31004,319.1208801269531,175.84226989746094,2500.0,714.0,3080.0,0.3469798266887665,0.2616887390613556,0.2913314402103424,,-0.0,7.504634380340576,0.0,0.0,0.0,0.0
31008,319.20880126953125,175.84226989746094,2253.0,609.0,2884.0,0.346467524766922,0.260779470205307,0.2927529811859131,,-0.0,7.47583532333374,0.0,0.0,0.0,0.0
31012,319.29669189453125,175.78123474121094,2761.0,577.0,2778.0,0.3459167182445526,0.2599027454853058,0.2941805422306061,,-0.0,7.447036266326904,0.0,0.0,0.0,0.0
31016,319.5604248046875,527.4658203125,3093.0,645.0,2973.0,0.34532779455184937,0.25905925035476685,0.2956129312515259,,-0.0,7.418237209320068,0.0,0.0,0.0,0.0
31020,319.9120788574219,703.3080444335938,2217.0,774.0,3170.0,0.3447013199329376,0.2582497298717499,0.297048956155777,,-0.0,7.389438152313232,0.0,0.0,0.0,0.0
31024,320.26373291015625,703.3080444335938,2278.0,679.0,2977.0,0.3440377414226532,0.2574748396873474,0.29848742485046387,,-0.0,7.3606390953063965,0.0,0.0,0.0,0.0
31028,320.3516540527344,175.84226989746094,2971.0,649.0,2857.0,0.34333765506744385,0.2567352056503296,0.29992714524269104,,-0.0,7.3318400382995605,0.0,0.0,0.0,0.0
31032,320.5274658203125,351.6235046386719,1996.0,823.0,3224.0,0.34260162711143494,0.25603145360946655,0.301366925239563,,-0.0,7.303040981292725,0.0,0.0,0.0,0.0
31036,320.70330810546875,351.6845397949219,2393.0,717.0,3017.0,0.3418302536010742,0.25536414980888367,0.3028055727481842,,-0.0,7.274241924285889,0.0,0.0,0.0,0.0
31040,320.8791198730469,351.6235046386719,3003.0,702.0,2900.0,0.3410242199897766,0.2547338902950287,0.3042418956756592,,-0.0,7.245442867279053,0.0,0.0,0.0,0.0
31044,321.054931640625,351.6235046386719,2942.0,770.0,3096.0,0.34018415212631226,0.2541411519050598,0.3056747019290924,,-0.0,7.216643810272217,0.0,0.0,0.0,0.0
31048,321.054931640625,0.0,1949.0,907.0,3280.0,0.33931073546409607,0.25358647108078003,0.3071027994155884,,-0.0,7.187844753265381,0.0,0.0,0.0,0.0
31052,321.3186950683594,527.52685546875,2484.0,803.0,3071.0,0.33840474486351013,0.25307026505470276,0.3085249960422516,,-0.0,7.159045696258545,0.0,0.0,0.0,0.0
31056,321.5824279785156,527.4658203125,3112.0,794.0,2955.0,0.33746689558029175,0.2525929808616638,0.3099401295185089,,-0.0,7.130246639251709,0.0,0.0,0.0,0.0
31060,321.9340515136719,703.2470092773438,1773.0,987.0,3321.0,0.336497962474823,0.25215500593185425,0.31134703755378723,,-0.0,7.101447582244873,0.0,0.0,0.0,0.0
31064,322.19781494140625,527.52685546875,2209.0,903.0,3117.0,0.33549878001213074,0.2517567276954651,0.31274452805519104,,-0.0,7.072648525238037,0.0,0.0,0.0,0.0
31068,322.3736267089844,351.6235046386719,2723.0,882.0,2996.0,0.33447012305259705,0.2513984441757202,0.3141314387321472,,-0.0,7.043849468231201,0.0,0.0,0.0,0.0
31072,322.6373596191406,527.4658203125,2850.0,969.0,3188.0,0.33341291546821594,0.2510804533958435,0.31550663709640503,,-0.0,7.015050411224365,0.0,0.0,0.0,0.0
31076,322.9010925292969,527.4658203125,1748.0,1110.0,3370.0,0.3323279917240143,0.25080305337905884,0.31686896085739136,,-0.0,6.986251354217529,0.0,0.0,0.0,0.0
31080,323.0769348144531,351.6845397949219,2137.0,1026.0,3156.0,0.3312162458896637,0.2505664527416229,0.31821730732917786,,-0.0,6.957452297210693,0.0,0.0,0.0,0.0
31084,323.4285583496094,703.2470092773438,2376.0,1019.0,3027.0,0.3300786018371582,0.2503708302974701,0.3195505440235138,,-0.0,6.928653240203857,0.0,0.0,0.0,0.0
31088,323.6044006347656,351.6845397949219,1743.0,1220.0,3384.0,0.3289160430431366,0.25021639466285706,0.3208675682544708,,-0.0,6.8998541831970215,0.0,0.0,0.0,0.0
31092,323.9560546875,703.3080444335938,1971.0,1137.0,3168.0,0.3277294933795929,0.250103235244751,0.3221672773361206,,-0.0,6.8710551261901855,0.0,0.0,0.0,0.0
31096,324.1318664550781,351.6235046386719,2227.0,1137.0,3034.0,0.3265199363231659,0.250031441450119,0.3234485983848572,,-0.0,6.84225606918335,0.0,0.0,0.0,0.0
31100,324.4835205078125,703.3080444335938,2283.0,1229.0,3228.0,0.3252883851528168,0.25000110268592834,0.324710488319397,,-0.0,6.813457012176514,0.0,0.0,0.0,0.0
31104,324.74725341796875,527.4658203125,1482.0,1389.0,3392.0,0.3240358829498291,0.25001224875450134,0.32595187425613403,,-0.0,6.784657955169678,0.0,0.0,0.0,0.0
31108,325.0989074707031,703.3080444335938,2455.0,1308.0,3170.0,0.3227634131908417,0.25006482005119324,0.32717177271842957,,-0.0,6.755858898162842,0.0,0.0,0.0,0.0
31112,325.5384521484375,879.0892944335938,1569.0,1364.0,3231.0,0.32147207856178284,0.25015881657600403,0.3283690810203552,,-0.0,6.727059841156006,0.0,0.0,0.0,0.0
31116,325.97802734375,879.1503295898438,1247.0,1523.0,3392.0,0.32016295194625854,0.25029414892196655,0.3295429050922394,,-0.0,6.69826078414917,0.0,0.0,0.0,0.0
31120,326.24176025390625,527.4658203125,2611.0,1437.0,3165.0,0.31883710622787476,0.25047069787979126,0.33069220185279846,,-0.0,6.669461727142334,0.0,0.0,0.0,0.0
31124,326.5054931640625,527.4658203125,2175.0,1433.0,3027.0,0.3174956142902374,0.2506883144378662,0.33181607723236084,,-0.0,6.640662670135498,0.0,0.0,0.0,0.0
31128,326.76922607421875,527.4658203125,1610.0,1548.0,3224.0,0.3161396086215973,0.25094684958457947,0.33291351795196533,,-0.0,6.611863613128662,0.0,0.0,0.0,0.0
31132,327.032958984375,527.4658203125,1536.0,1684.0,3368.0,0.31477025151252747,0.25124603509902954,0.33398371934890747,,-0.0,6.583064556121826,0.0,0.0,0.0,0.0
31136,327.3846130371094,703.3080444335938,2027.0,1604.0,3136.0,0.3133886158466339,0.2515856921672821,0.33502569794654846,,-0.0,6.55426549911499,0.0,0.0,0.0,0.0
31140,327.6483459472656,527.4658203125,1561.0,1663.0,3193.0,0.31199589371681213,0.2519654631614685,0.33603861927986145,,-0.0,6.525466442108154,0.0,0.0,0.0,0.0
31144,327.9120788574219,527.4658203125,1516.0,1812.0,3337.0,0.31059321761131287,0.25238510966300964,0.33702167868614197,,-0.0,6.496667385101318,0.0,0.0,0.0,0.0
31148,328.1758117675781,527.4658203125,1849.0,1726.0,3102.0,0.30918174982070923,0.2528442144393921,0.33797404170036316,,-0.0,6.467868328094482,0.0,0.0,0.0,0.0
31152,328.4395751953125,527.52685546875,1965.0,1724.0,2960.0,0.30776268243789673,0.2533424496650696,0.33889490365982056,,-0.0,6.4390692710876465,0.0,0.0,0.0,0.0
31156,328.6153869628906,351.6235046386719,1564.0,1826.0,3130.0,0.3063371479511261,0.2538793683052063,0.3397834897041321,,-0.0,6.4102702140808105,0.0,0.0,0.0,0.0
31160,328.967041015625,703.3080444335938,1045.0,1979.0,3280.0,0.3049063980579376,0.25445452332496643,0.3406390845775604,,-0.0,6.381471157073975,0.0,0.0,0.0,0.0
31164,329.1428527832031,351.6235046386719,2020.0,1877.0,3040.0,0.30347153544425964,0.25506746768951416,0.3414610028266907,,-0.0,6.352672100067139,0.0,0.0,0.0,0.0
31168,329.4065856933594,527.4658203125,1327.0,1931.0,3083.0,0.30203381180763245,0.2557176649570465,0.3422485291957855,,-0.0,6.323873043060303,0.0,0.0,0.0,0.0
31172,329.4945068359375,175.84226989746094,973.0,2076.0,3240.0,0.30059441924095154,0.2564045786857605,0.34300100803375244,,-0.0,6.295073986053467,0.0,0.0,0.0,0.0
31176,329.6703186035156,351.6235046386719,1972.0,1984.0,3008.0,0.29915452003479004,0.25712767243385315,0.3437178134918213,,-0.0,6.266274929046631,0.0,0.0,0.0,0.0
31180,329.75823974609375,175.84226989746094,1798.0,1965.0,2861.0,0.29771533608436584,0.25788629055023193,0.3443983793258667,,-0.0,6.237475872039795,0.0,0.0,0.0,0.0
31184,329.9340515136719,351.6235046386719,1302.0,2067.0,3027.0,0.2962780296802521,0.2586798667907715,0.3450421094894409,,-0.0,6.208676815032959,0.0,0.0,0.0,0.0
31188,330.1098937988281,351.6845397949219,1073.0,2216.0,3166.0,0.29484379291534424,0.2595076858997345,0.34564849734306335,,-0.0,6.179877758026123,0.0,0.0,0.0,0.0
31192,330.3736267089844,527.4658203125,1855.0,2131.0,2925.0,0.2934138774871826,0.26036909222602844,0.3462170362472534,,-0.0,6.151078701019287,0.0,0.0,0.0,0.0
31196,330.5494384765625,351.6235046386719,1375.0,2186.0,2956.0,0.29198938608169556,0.261263370513916,0.3467472195625305,,-0.0,6.122279644012451,0.0,0.0,0.0,0.0
31200,330.72528076171875,351.6845397949219,1076.0,2335.0,3095.0,0.29057154059410095,0.2621897757053375,0.3472386598587036,,-0.0,6.093480587005615,0.0,0.0,0.0,0.0
31204,330.9010925292969,351.6235046386719,1761.0,2213.0,2857.0,0.2891615331172943,0.2631475329399109,0.3476909101009369,,-0.0,6.064681529998779,0.0,0.0,0.0,0.0
31208,331.0769348144531,351.6845397949219,1754.0,2184.0,2710.0,0.28776052594184875,0.26413586735725403,0.3481036126613617,,-0.0,6.035882472991943,0.0,0.0,0.0,0.0
31212,331.0769348144531,0.0,1346.0,2291.0,2874.0,0.2863696217536926,0.2651539444923401,0.34847643971443176,,-0.0,6.007083415985107,0.0,0.0,0.0,0.0
31216,331.1648254394531,175.78123474121094,1063.0,2434.0,3016.0,0.2849900722503662,0.2662009000778198,0.34880903363227844,,-0.0,5.9782843589782715,0.0,0.0,0.0,0.0
31220,331.3406677246094,351.6845397949219,1791.0,2336.0,2772.0,0.28362295031547546,0.2672758996486664,0.34910115599632263,,-0.0,5.9494853019714355,0.0,0.0,0.0,0.0
31224,331.6044006347656,527.4658203125,1322.0,2402.0,2792.0,0.2822693884372711,0.26837801933288574,0.34935256838798523,,-0.0,5.9206862449646,0.0,0.0,0.0,0.0
31228,331.8681335449219,527.4658203125,1026.0,2556.0,2915.0,0.2809305787086487,0.26950639486312866,0.3495630621910095,,-0.0,5.891887187957764,0.0,0.0,0.0,0.0
31232,331.9560546875,175.84226989746094,1761.0,2468.0,2680.0,0.27960753440856934,0.27066004276275635,0.3497324287891388,,-0.0,5.863088130950928,0.0,0.0,0.0,0.0
31236,332.1318664550781,351.6235046386719,1706.0,2456.0,2508.0,0.2783014178276062,0.2718380093574524,0.3498605489730835,,-0.0,5.834289073944092,0.0,0.0,0.0,0.0
31240,332.30767822265625,351.6235046386719,1284.0,2556.0,2658.0,0.27701330184936523,0.2730393409729004,0.34994733333587646,,-0.0,5.805490016937256,0.0,0.0,0.0,0.0
31244,332.5714416503906,527.52685546875,1008.0,2715.0,2775.0,0.2757442593574524,0.27426305413246155,0.34999269247055054,,-0.0,5.77669095993042,0.0,0.0,0.0,0.0
31248,332.74725341796875,351.6235046386719,1736.0,2624.0,2540.0,0.27449533343315125,0.2755081057548523,0.34999656677246094,,-0.0,5.747891902923584,0.0,0.0,0.0,0.0
32056,359.032958984375,0.0,1995.0,1916.0,1866.0,0.5,0.5,0.5,,-0.0,2.3928017616271973,0.0,0.0,0.0,0.0
32060,359.032958984375,0.0,2198.0,1861.0,1725.0,0.5,0.5,0.5,,-0.0,2.3928017616271973,0.0,0.0,0.0,0.0
32064,359.032958984375,0.0,2430.0,1935.0,1920.0,0.5,0.5,0.5,,-0.0,2.3928017616271973,0.0,0.0,0.0,0.0
32068,359.032958984375,0.0,1991.0,1918.0,1868.0,0.5,0.5,0.5,,-0.0,2.3928017616271973,0.0,0.0,0.0,0.0
32072,359.032958984375,0.0,2199.0,1861.0,1727.0,0.5,0.5,0.5,,-0.0,2.3928017616271973,0.0,0.0,0.0,0.0
32076,359.032958984375,0.0,2422.0,1929.0,1913.0,0.5,0.5,0.5,,-0.0,2.3928017616271973,0.0,0.0,0.0,0.0
32080,359.032958984375,0.0,2444.0,2052.0,2068.0,0.5,0.5,0.5,,-0.0,2.3928017616271973,0.0,0.0,0.0,0.0
32084,359.032958984375,0.0,1999.0,1920.0,1869.0,0.5,0.5,0.5,,-0.0,2.3928017616271973,0.0,0.0,0.0,0.0
32088,359.032958984375,0.0,2198.0,1864.0,1730.0,0.5,0.5,0.5,,-0.0,2.3928017616271973,0.0,0.0,0.0,0.0
32092,359.032958984375,0.0,2437.0,1952.0,1935.0,0.5,0.5,0.5,,-0.0,2.3928017616271973,0.0,0.0,0.0,0.0
32096,359.032958984375,0.0,2014.0,1918.0,1866.0,0.5,0.5,0.5,,-0.0,2.3928017616271973,0.0,0.0,0.0,0.0
32100,359.032958984375,0.0,2207.0,1864.0,1730.0,0.5,0.5,0.5,,-0.0,2.3928017616271973,0.0,0.0,0.0,0.0
32104,359.032958984375,0.0,2443.0,1941.0,1927.0,0.5,0.5,0.5,,-0.0,2.3928017616271973,0.0,0.0,0.0,0.0
32108,359.032958984375,0.0,2452.0,2049.0,2065.0,0.5,0.5,0.5,,-0.0,2.3928017616271973,0.0,0.0,0.0,0.0
32112,359.032958984375,0.0,2010.0,1915.0,1867.0,0.5,0.5,0.5,,-0.0,2.3928017616271973,0.0,0.0,0.0,0.0
32116,359.032958984375,0.0,2207.0,1864.0,1731.0,0.5,0.5,0.5,,-0.0,2.3928017616271973,0.0,0.0,0.0,0.0
32120,359.032958984375,0.0,2431.0,1936.0,1922.0,0.5,0.5,0.5,,-0.0,2.3928017616271973,0.0,0.0,0.0,0.0
32124,359.032958984375,0.0,1992.0,1918.0,1872.0,0.5,0.5,0.5,,-0.0,2.3928017616271973,0.0,0.0,0.0,0.0
32128,359.032958984375,0.0,2189.0,1864.0,1732.0,0.5,0.5,0.5,,-0.0,2.3928017616271973,0.0,0.0,0.0,0.0
32132,359.032958984375,0.0,2449.0,1938.0,1920.0,0.5,0.5,0.5,,-0.0,2.3928017616271973,0.0,0.0,0.0,0.0
32136,359.032958984375,0.0,2434.0,2043.0,2067.0,0.5,0.5,0.5,,-0.0,2.3928017616271973,0.0,0.0,0.0,0.0
32140,359.032958984375,0.0,1983.0,1919.0,1867.0,0.5,0.5,0.5,,-0.0,2.3928017616271973,0.0,0.0,0.0,0.0
32144,359.032958984375,0.0,2208.0,1876.0,1734.0,0.5,0.5,0.5,,-0.0,2.3928017616271973,0.0,0.0,0.0,0.0
32148,359.032958984375,0.0,2437.0,1954.0,1930.0,0.5,0.5,0.5,,-0.0,2.3928017616271973,0.0,0.0,0.0,0.0
32152,359.032958984375,0.0,2001.0,1918.0,1870.0,0.5,0.5,0.5,,-0.0,2.3928017616271973,0.0,0.0,0.0,0.0
32156,359.032958984375,0.0,2203.0,1863.0,1732.0,0.5,0.5,0.5,,-0.0,2.3928017616271973,0.0,0.0,0.0,0.0
32160,359.032958984375,0.0,2455.0,1936.0,1924.0,0.5,0.5,0.5,,-0.0,2.3928017616271973,0.0,0.0,0.0,0.0
32164,359.032958984375,0.0,2453.0,2056.0,2071.0,0.5,0.5,0.5,,-0.0,2.3928017616271973,0.0,0.0,0.0,0.0
32168,359.032958984375,0.0,1997.0,1917.0,1870.0,0.5,0.5,0.5,,-0.0,2.3928017616271973,0.0,0.0,0.0,0.0
32172,359.032958984375,0.0,2217.0,1867.0,1731.0,0.5,0.5,0.5,,-0.0,2.3928017616271973,0.0,0.0,0.0,0.0
32176,359.032958984375,0.0,2439.0,1936.0,1926.0,0.5,0.5,0.5,,-0.0,2.3928017616271973,0.0,0.0,0.0,0.0
32180,359.032958984375,0.0,1990.0,1904.0,1863.0,0.5,0.5,0.5,,-0.0,2.3928017616271973,0.0,0.0,0.0,0.0
32184,359.032958984375,0.0,2205.0,1852.0,1723.0,0.5,0.5,0.5,,-0.0,2.3928017616271973,0.0,0.0,0.0,0.0
32188,359.032958984375,0.0,2450.0,1948.0,1936.0,0.5,0.5,0.5,,-0.0,2.3928017616271973,0.0,0.0,0.0,0.0
32192,359.032958984375,0.0,2445.0,2055.0,2073.0,0.5,0.5,0.5,,-0.0,2.3928017616271973,0.0,0.0,0.0,0.0
32196,359.032958984375,0.0,1999.0,1920.0,1868.0,0.5,0.5,0.5,,-0.0,2.3928017616271973,0.0,0.0,0.0,0.0
32200,359.032958984375,0.0,2233.0,1866.0,1731.0,0.5,0.5,0.5,,-0.0,2.3928017616271973,0.0,0.0,0.0,0.0
32204,359.032958984375,0.0,2447.0,2053.0,2075.0,0.5,0.5,0.5,,-0.0,2.3928017616271973,0.0,0.0,0.0,0.0
32208,359.032958984375,0.0,2018.0,1918.0,1868.0,0.5,0.5,0.5,,-0.0,2.3928017616271973,0.0,0.0,0.0,0.0
32212,359.032958984375,0.0,2203.0,1862.0,1732.0,0.5,0.5,0.5,,-0.0,2.3928017616271973,0.0,0.0,0.0,0.0
32216,359.032958984375,0.0,2445.0,1937.0,1928.0,0.5,0.5,0.5,,-0.0,2.3928017616271973,0.0,0.0,0.0,0.0
32220,359.032958984375,0.0,2440.0,2054.0,2073.0,0.5,0.5,0.5,,-0.0,2.3928017616271973,0.0,0.0,0.0,0.0
32224,359.032958984375,0.0,1997.0,1924.0,1872.0,0.5,0.5,0.5,,-0.0,2.3928017616271973,0.0,0.0,0.0,0.0
32228,359.032958984375,0.0,2214.0,1865.0,1729.0,0.5,0.5,0.5,,-0.0,2.3928017616271973,0.0,0.0,0.0,0.0
32232,359.032958984375,0.0,2443.0,2052.0,2072.0,0.5,0.5,0.5,,-0.0,2.3928017616271973,0.0,0.0,0.0,0.0
32236,359.032958984375,0.0,2003.0,1921.0,1869.0,0.5,0.5,0.5,,-0.0,2.3928017616271973,0.0,0.0,0.0,0.0
32240,359.032958984375,0.0,2211.0,1861.0,1728.0,0.5,0.5,0.5,,-0.0,2.3928017616271973,0.0,0.0,0.0,0.0
32244,359.032958984375,0.0,2443.0,1936.0,1924.0,0.5,0.5,0.5,,-0.0,2.3928017616271973,0.0,0.0,0.0,0.0
32248,359.032958984375,0.0,2447.0,2054.0,2076.0,0.5,0.5,0.5,,-0.0,2.3928017616271973,0.0,0.0,0.0,0.0
32252,359.032958984375,0.0,1993.0,1919.0,1867.0,0.5,0.5,0.5,,-0.0,2.3928017616271973,0.0,0.0,0.0,0.0
32256,359.032958984375,0.0,2215.0,1863.0,1729.0,0.5,0.5,0.5,,-0.0,2.3928017616271973,0.0,0.0,0.0,0.0
32260,359.032958984375,0.0,2443.0,2055.0,2074.0,0.5,0.5,0.5,,-0.0,2.3928017616271973,0.0,0.0,0.0,0.0
32264,359.032958984375,0.0,1993.0,1919.0,1868.0,0.5,0.5,0.5,,-0.0,2.3928017616271973,0.0,0.0,0.0,0.0
32268,359.032958984375,0.0,2221.0,1863.0,1731.0,0.5,0.5,0.5,,-0.0,2.3928017616271973,0.0,0.0,0.0,0.0
32272,359.032958984375,0.0,2438.0,1940.0,1928.0,0.5,0.5,0.5,,-0.0,2.3928017616271973,0.0,0.0,0.0,0.0
32276,359.032958984375,0.0,2452.0,2037.0,2062.0,0.5,0.5,0.5,,-0.0,2.3928017616271973,0.0,0.0,0.0,0.0
32280,359.032958984375,0.0,1997.0,1932.0,1874.0,0.5,0.5,0.5,,-0.0,2.3928017616271973,0.0,0.0,0.0,0.0
32284,359.032958984375,0.0,2207.0,1869.0,1734.0,0.5,0.5,0.5,,-0.0,2.3928017616271973,0.0,0.0,0.0,0.0
32288,359.032958984375,0.0,2447.0,2050.0,2068.0,0.5,0.5,0.5,,-0.0,2.3928017616271973,0.0,0.0,0.0,0.0
32292,359.032958984375,0.0,1991.0,1915.0,1867.0,0.5,0.5,0.5,,-0.0,2.3928017616271973,0.0,0.0,0.0,0.0
32296,359.032958984375,0.0,2209.0,1880.0,1740.0,0.5,0.5,0.5,,-0.0,2.3928017616271973,0.0,0.0,0.0,0.0
32300,359.032958984375,0.0,2442.0,1926.0,1920.0,0.5,0.5,0.5,,-0.0,2.3928017616271973,0.0,0.0,0.0,0.0
32304,359.032958984375,0.0,2443.0,2050.0,2072.0,0.5,0.5,0.5,,-0.0,2.3928017616271973,0.0,0.0,0.0,0.0
32308,359.032958984375,0.0,2006.0,1920.0,1870.0,0.5,0.5,0.5,,-0.0,2.3928017616271973,0.0,0.0,0.0,0.0
32312,359.032958984375,0.0,2211.0,1850.0,1722.0,0.5,0.5,0.5,,-0.0,2.3928017616271973,0.0,0.0,0.0,0.0
32316,359.032958984375,0.0,2451.0,2044.0,2066.0,0.5,0.5,0.5,,-0.0,2.3928017616271973,0.0,0.0,0.0,0.0
32320,359.032958984375,0.0,1989.0,1917.0,1868.0,0.5,0.5,0.5,,-0.0,2.3928017616271973,0.0,0.0,0.0,0.0
32324,359.032958984375,0.0,2220.0,1863.0,1730.0,0.5,0.5,0.5,,-0.0,2.3928017616271973,0.0,0.0,0.0,0.0
32328,359.032958984375,0.0,2439.0,1937.0,1926.0,0.5,0.5,0.5,,-0.0,2.3928017616271973,0.0,0.0,0.0,0.0
32332,359.032958984375,0.0,2452.0,2051.0,2070.0,0.5,0.5,0.5,,-0.0,2.3928017616271973,0.0,0.0,0.0,0.0
32336,359.032958984375,0.0,1993.0,1917.0,1870.0,0.5,0.5,0.5,,-0.0,2.3928017616271973,0.0,0.0,0.0,0.0
32340,359.032958984375,0.0,2202.0,1858.0,1725.0,0.5,0.5,0.5,,-0.0,2.3928017616271973,0.0,0.0,0.0,0.0
32344,359.032958984375,0.0,2446.0,2048.0,2070.0,0.5,0.5,0.5,,-0.0,2.3928017616271973,0.0,0.0,0.0,0.0
32348,359.032958984375,0.0,1991.0,1911.0,1863.0,0.5,0.5,0.5,,-0.0,2.3928017616271973,0.0,0.0,0.0,0.0
32352,359.032958984375,0.0,2210.0,1863.0,1728.0,0.5,0.5,0.5,,-0.0,2.3928017616271973,0.0,0.0,0.0,0.0
32356,359.032958984375,0.0,2435.0,1940.0,1928.0,0.5,0.5,0.5,,-0.0,2.3928017616271973,0.0,0.0,0.0,0.0
32360,359.032958984375,0.0,2447.0,2052.0,2072.0,0.5,0.5,0.5,,-0.0,2.3928017616271973,0.0,0.0,0.0,0.0
32364,359.032958984375,0.0,1991.0,1921.0,1870.0,0.5,0.5,0.5,,-0.0,2.3928017616271973,0.0,0.0,0.0,0.0
32368,359.032958984375,0.0,2435.0,1941.0,1925.0,0.5,0.5,0.5,,-0.0,2.3928017616271973,0.0,0.0,0.0,0.0
32372,359.032958984375,0.0,2452.0,2056.0,2073.0,0.5,0.5,0.5,,-0.0,2.3928017616271973,0.0,0.0,0.0,0.0
32376,359.032958984375,0.0,1983.0,1931.0,1876.0,0.5,0.5,0.5,,-0.0,2.3928017616271973,0.0,0.0,0.0,0.0
32380,359.032958984375,0.0,2211.0,1862.0,1728.0,0.5,0.5,0.5,,-0.0,2.3928017616271973,0.0,0.0,0.0,0.0
32384,359.032958984375,0.0,2427.0,1932.0,1920.0,0.5,0.5,0.5,,-0.0,2.3928017616271973,0.0,0.0,0.0,0.0
32388,359.032958984375,0.0,2450.0,2056.0,2072.0,0.5,0.5,0.5,,-0.0,2.3928017616271973,0.0,0.0,0.0,0.0
32392,359.032958984375,0.0,1991.0,1917.0,1869.0,0.5,0.5,0.5,,-0.0,2.3928017616271973,0.0,0.0,0.0,0.0
32396,359.032958984375,0.0,2431.0,1940.0,1924.0,0.5,0.5,0.5,,-0.0,2.3928017616271973,0.0,0.0,0.0,0.0
32400,359.032958984375,0.0,2450.0,2052.0,2068.0,0.5,0.5,0.5,,-0.0,2.3928017616271973,0.0,0.0,0.0,0.0
32404,359.032958984375,0.0,1997.0,1917.0,1869.0,0.5,0.5,0.5,,-0.0,2.3928017616271973,0.0,0.0,0.0,0.0
32408,359.032958984375,0.0,2223.0,1864.0,1730.0,0.5,0.5,0.5,,-0.0,2.3928017616271973,0.0,0.0,0.0,0.0
32412,359.032958984375,0.0,2433.0,1929.0,1920.0,0.5,0.5,0.5,,-0.0,2.3928017616271973,0.0,0.0,0.0,0.0
32416,359.032958984375,0.0,2447.0,2058.0,2074.0,0.5,0.5,0.5,,-0.0,2.3928017616271973,0.0,0.0,0.0,0.0
32420,359.032958984375,0.0,2006.0,1921.0,1867.0,0.5,0.5,0.5,,-0.0,2.3928017616271973,0.0,0.0,0.0,0.0
32424,359.032958984375,0.0,2433.0,1938.0,1924.0,0.5,0.5,0.5,,-0.0,2.3928017616271973,0.0,0.0,0.0,0.0
32428,359.032958984375,0.0,2447.0,2056.0,2070.0,0.5,0.5,0.5,,-0.0,2.3928017616271973,0.0,0.0,0.0,0.0
32432,359.032958984375,0.0,1996.0,1918.0,1868.0,0.5,0.5,0.5,,-0.0,2.3928017616271973,0.0,0.0,0.0,0.0
32436,359.032958984375,0.0,2217.0,1864.0,1725.0,0.5,0.5,0.5,,-0.0,2.3928017616271973,0.0,0.0,0.0,0.0
32440,359.032958984375,0.0,2435.0,1938.0,1928.0,0.5,0.5,0.5,,-0.0,2.3928017616271973,0.0,0.0,0.0,0.0
32444,359.032958984375,0.0,2452.0,2056.0,2072.0,0.5,0.5,0.5,,-0.0,2.3928017616271973,0.0,0.0,0.0,0.0
32448,359.032958984375,0.0,1993.0,1917.0,1869.0,0.5,0.5,0.5,,-0.0,2.3928017616271973,0.0,0.0,0.0,0.0
32452,359.032958984375,0.0,2438.0,1936.0,1924.0,0.5,0.5,0.5,,-0.0,2.3928017616271973,0.0,0.0,0.0,0.0
32456,359.032958984375,0.0,2439.0,2053.0,2074.0,0.5,0.5,0.5,,-0.0,2.3928017616271973,0.0,0.0,0.0,0.0
32460,359.032958984375,0.0,1995.0,1914.0,1865.0,0.5,0.5,0.5,,-0.0,2.3928017616271973,0.0,0.0,0.0,0.0
32464,359.032958984375,0.0,2214.0,1859.0,1726.0,0.5,0.5,0.5,,-0.0,2.3928017616271973,0.0,0.0,0.0,0.0
32468,359.032958984375,0.0,2430.0,1932.0,1918.0,0.5,0.5,0.5,,-0.0,2.3928017616271973,0.0,0.0,0.0,0.0
32472,359.032958984375,0.0,2447.0,2056.0,2073.0,0.5,0.5,0.5,,-0.0,2.3928017616271973,0.0,0.0,0.0,0.0
32476,359.032958984375,0.0,1991.0,1922.0,1873.0,0.5,0.5,0.5,,-0.0,2.3928017616271973,0.0,0.0,0.0,0.0
32480,359.032958984375,0.0,2434.0,1936.0,1922.0,0.5,0.5,0.5,,-0.0,2.3928017616271973,0.0,0.0,0.0,0.0
32484,359.032958984375,0.0,2445.0,2056.0,2070.0,0.5,0.5,0.5,,-0.0,2.3928017616271973,0.0,0.0,0.0,0.0
32488,359.032958984375,0.0,1990.0,1919.0,1867.0,0.5,0.5,0.5,,-0.0,2.3928017616271973,0.0,0.0,0.0,0.0
32492,359.032958984375,0.0,2198.0,1861.0,1732.0,0.5,0.5,0.5,,-0.0,2.3928017616271973,0.0,0.0,0.0,0.0
32496,359.032958984375,0.0,2447.0,1932.0,1922.0,0.5,0.5,0.5,,-0.0,2.3928017616271973,0.0,0.0,0.0,0.0
32500,359.032958984375,0.0,2447.0,2056.0,2073.0,0.5,0.5,0.5,,-0.0,2.3928017616271973,0.0,0.0,0.0,0.0
32504,359.032958984375,0.0,1993.0,1915.0,1866.0,0.5,0.5,0.5,,-0.0,2.3928017616271973,0.0,0.0,0.0,0.0
32508,359.032958984375,0.0,2425.0,1935.0,1926.0,0.5,0.5,0.5,,-0.0,2.3928017616271973,0.0,0.0,0.0,0.0
32512,359.032958984375,0.0,2448.0,2055.0,2073.0,0.5,0.5,0.5,,-0.0,2.3928017616271973,0.0,0.0,0.0,0.0
32516,359.032958984375,0.0,1999.0,1920.0,1871.0,0.5,0.5,0.5,,-0.0,2.3928017616271973,0.0,0.0,0.0,0.0
32520,359.032958984375,0.0,2199.0,1858.0,1725.0,0.5,0.5,0.5,,-0.0,2.3928017616271973,0.0,0.0,0.0,0.0
32524,359.032958984375,0.0,2435.0,1926.0,1915.0,0.5,0.5,0.5,,-0.0,2.3928017616271973,0.0,0.0,0.0,0.0
32528,359.032958984375,0.0,2449.0,2053.0,2072.0,0.5,0.5,0.5,,-0.0,2.3928017616271973,0.0,0.0,0.0,0.0
32532,359.032958984375,0.0,2202.0,1864.0,1731.0,0.5,0.5,0.5,,-0.0,2.3928017616271973,0.0,0.0,0.0,0.0
32536,359.032958984375,0.0,2445.0,1939.0,1926.0,0.5,0.5,0.5,,-0.0,2.3928017616271973,0.0,0.0,0.0,0.0
32540,359.032958984375,0.0,2443.0,2054.0,2076.0,0.5,0.5,0.5,,-0.0,2.3928017616271973,0.0,0.0,0.0,0.0
32544,359.032958984375,0.0,1999.0,1920.0,1869.0,0.5,0.5,0.5,,-0.0,2.3928017616271973,0.0,0.0,0.0,0.0
32548,359.032958984375,0.0,2213.0,1863.0,1730.0,0.5,0.5,0.5,,-0.0,2.3928017616271973,0.0,0.0,0.0,0.0
32552,359.032958984375,0.0,2430.0,1936.0,1920.0,0.5,0.5,0.5,,-0.0,2.3928017616271973,0.0,0.0,0.0,0.0
32556,359.032958984375,0.0,2454.0,2053.0,2072.0,0.5,0.5,0.5,,-0.0,2.3928017616271973,0.0,0.0,0.0,0.0
32560,359.032958984375,0.0,2184.0,1854.0,1725.0,0.5,0.5,0.5,,-0.0,2.3928017616271973,0.0,0.0,0.0,0.0
32564,359.032958984375,0.0,2419.0,1928.0,1914.0,0.5,0.5,0.5,,-0.0,2.3928017616271973,0.0,0.0,0.0,0.0
32568,359.032958984375,0.0,2445.0,2053.0,2071.0,0.5,0.5,0.5,,-0.0,2.3928017616271973,0.0,0.0,0.0,0.0
32572,359.032958984375,0.0,2003.0,1922.0,1872.0,0.5,0.5,0.5,,-0.0,2.3928017616271973,0.0,0.0,0.0,0.0
32576,359.032958984375,0.0,2225.0,1856.0,1726.0,0.5,0.5,0.5,,-0.0,2.3928017616271973,0.0,0.0,0.0,0.0
32580,359.032958984375,0.0,2427.0,1935.0,1922.0,0.5,0.5,0.5,,-0.0,2.3928017616271973,0.0,0.0,0.0,0.0
32584,359.032958984375,0.0,2446.0,2056.0,2076.0,0.5,0.5,0.5,,-0.0,2.3928017616271973,0.0,0.0,0.0,0.0
32588,359.032958984375,0.0,2195.0,1861.0,1728.0,0.5,0.5,0.5,,-0.0,2.3928017616271973,0.0,0.0,0.0,0.0
32592,359.032958984375,0.0,2423.0,1926.0,1912.0,0.5,0.5,0.5,,-0.0,2.3928017616271973,0.0,0.0,0.0,0.0
32596,359.032958984375,0.0,2443.0,2052.0,2073.0,0.5,0.5,0.5,,-0.0,2.3928017616271973,0.0,0.0,0.0,0.0
32600,359.032958984375,0.0,1997.0,1917.0,1869.0,0.5,0.5,0.5,,-0.0,2.3928017616271973,0.0,0.0,0.0,0.0
32604,359.032958984375,0.0,2198.0,1861.0,1728.0,0.5,0.5,0.5,,-0.0,2.3928017616271973,0.0,0.0,0.0,0.0
32608,359.032958984375,0.0,2443.0,1940.0,1925.0,0.5,0.5,0.5,,-0.0,2.3928017616271973,0.0,0.0,0.0,0.0
32612,359.032958984375,0.0,2442.0,2056.0,2072.0,0.5,0.5,0.5,,-0.0,2.3928017616271973,0.0,0.0,0.0,0.0
32616,359.032958984375,0.0,2216.0,1857.0,1728.0,0.5,0.5,0.5,,-0.0,2.3928017616271973,0.0,0.0,0.0,0.0
32620,359.032958984375,0.0,2443.0,1932.0,1921.0,0.5,0.5,0.5,,-0.0,2.3928017616271973,0.0,0.0,0.0,0.0
32624,359.032958984375,0.0,2449.0,2041.0,2067.0,0.5,0.5,0.5,,-0.0,2.3928017616271973,0.0,0.0,0.0,0.0
32628,359.032958984375,0.0,1993.0,1920.0,1872.0,0.5,0.5,0.5,,-0.0,2.3928017616271973,0.0,0.0,0.0,0.0
32632,359.032958984375,0.0,2198.0,1862.0,1733.0,0.5,0.5,0.5,,-0.0,2.3928017616271973,0.0,0.0,0.0,0.0
32636,359.032958984375,0.0,2430.0,1936.0,1924.0,0.5,0.5,0.5,,-0.0,2.3928017616271973,0.0,0.0,0.0,0.0
32640,359.032958984375,0.0,2451.0,2056.0,2073.0,0.5,0.5,0.5,,-0.0,2.3928017616271973,0.0,0.0,0.0,0.0
32644,359.032958984375,0.0,2216.0,1861.0,1726.0,0.5,0.5,0.5,,-0.0,2.3928017616271973,0.0,0.0,0.0,0.0
32648,359.032958984375,0.0,2439.0,1939.0,1928.0,0.5,0.5,0.5,,-0.0,2.3928017616271973,0.0,0.0,0.0,0.0
32652,359.032958984375,0.0,2442.0,2052.0,2070.0,0.5,0.5,0.5,,-0.0,2.3928017616271973,0.0,0.0,0.0,0.0
32656,359.032958984375,0.0,1990.0,1921.0,1869.0,0.5,0.5,0.5,,-0.0,2.3928017616271973,0.0,0.0,0.0,0.0
32660,359.032958984375,0.0,2212.0,1851.0,1723.0,0.5,0.5,0.5,,-0.0,2.3928017616271973,0.0,0.0,0.0,0.0
32664,359.032958984375,0.0,2423.0,1935.0,1918.0,0.5,0.5,0.5,,-0.0,2.3928017616271973,0.0,0.0,0.0,0.0
32668,359.032958984375,0.0,1988.0,1919.0,1868.0,0.5,0.5,0.5,,-0.0,2.3928017616271973,0.0,0.0,0.0,0.0
32672,359.032958984375,0.0,2174.0,1861.0,1732.0,0.5,0.5,0.5,,-0.0,2.3928017616271973,0.0,0.0,0.0,0.0
32676,359.032958984375,0.0,2431.0,1936.0,1923.0,0.5,0.5,0.5,,-0.0,2.3928017616271973,0.0,0.0,0.0,0.0
32680,359.032958984375,0.0,2453.0,2056.0,2069.0,0.5,0.5,0.5,,-0.0,2.3928017616271973,0.0,0.0,0.0,0.0
32684,359.032958984375,0.0,1999.0,1915.0,1865.0,0.5,0.5,0.5,,-0.0,2.3928017616271973,0.0,0.0,0.0,0.0
32688,359.032958984375,0.0,2187.0,1860.0,1733.0,0.5,0.5,0.5,,-0.0,2.3928017616271973,0.0,0.0,0.0,0.0
32692,359.032958984375,0.0,2431.0,1934.0,1922.0,0.5,0.5,0.5,,-0.0,2.3928017616271973,0.0,0.0,0.0,0.0
32696,359.032958984375,0.0,2003.0,1919.0,1869.0,0.5,0.5,0.5,,-0.0,2.3928017616271973,0.0,0.0,0.0,0.0
32700,359.032958984375,0.0,2211.0,1857.0,1725.0,0.5,0.5,0.5,,-0.0,2.3928017616271973,0.0,0.0,0.0,0.0
32704,359.032958984375,0.0,2439.0,1939.0,1924.0,0.5,0.5,0.5,,-0.0,2.3928017616271973,0.0,0.0,0.0,0.0
32708,359.032958984375,0.0,2455.0,2054.0,2070.0,0.5,0.5,0.5,,-0.0,2.3928017616271973,0.0,0.0,0.0,0.0
32712,359.032958984375,0.0,1998.0,1920.0,1866.0,0.5,0.5,0.5,,-0.0,2.3928017616271973,0.0,0.0,0.0,0.0
32716,359.032958984375,0.0,2215.0,1861.0,1726.0,0.5,0.5,0.5,,-0.0,2.3928017616271973,0.0,0.0,0.0,0.0
32720,359.032958984375,0.0,2439.0,1935.0,1924.0,0.5,0.5,0.5,,-0.0,2.3928017616271973,0.0,0.0,0.0,0.0
32724,359.032958984375,0.0,2003.0,1918.0,1868.0,0.5,0.5,0.5,,-0.0,2.3928017616271973,0.0,0.0,0.0,0.0
32728,359.032958984375,0.0,2210.0,1861.0,1728.0,0.5,0.5,0.5,,-0.0,2.3928017616271973,0.0,0.0,0.0,0.0
32732,359.032958984375,0.0,2439.0,1938.0,1926.0,0.5,0.5,0.5,,-0.0,2.3928017616271973,0.0,0.0,0.0,0.0
32736,359.032958984375,0.0,2441.0,2057.0,2074.0,0.5,0.5,0.5,,-0.0,2.3928017616271973,0.0,0.0,0.0,0.0
32740,359.032958984375,0.0,1995.0,1917.0,1868.0,0.5,0.5,0.5,,-0.0,2.3928017616271973,0.0,0.0,0.0,0.0
32744,359.032958984375,0.0,2198.0,1857.0,1727.0,0.5,0.5,0.5,,-0.0,2.3928017616271973,0.0,0.0,0.0,0.0
32748,359.032958984375,0.0,2438.0,1931.0,1921.0,0.5,0.5,0.5,,-0.0,2.3928017616271973,0.0,0.0,0.0,0.0
32752,359.032958984375,0.0,2005.0,1912.0,1864.0,0.5,0.5,0.5,,-0.0,2.3928017616271973,0.0,0.0,0.0,0.0
32756,359.032958984375,0.0,2200.0,1855.0,1725.0,0.5,0.5,0.5,,-0.0,2.3928017616271973,0.0,0.0,0.0,0.0
32760,359.032958984375,0.0,2438.0,1926.0,1914.0,0.5,0.5,0.5,,-0.0,2.3928017616271973,0.0,0.0,0.0,0.0
32764,359.032958984375,0.0,2442.0,2060.0,2074.0,0.5,0.5,0.5,,-0.0,2.3928017616271973,0.0,0.0,0.0,0.0
32768,359.032958984375,0.0,2003.0,1919.0,1868.0,0.5,0.5,0.5,,-0.0,2.3928017616271973,0.0,0.0,0.0,0.0
32772,359.032958984375,0.0,2192.0,1862.0,1730.0,0.5,0.5,0.5,,-0.0,2.3928017616271973,0.0,0.0,0.0,0.0
32776,359.032958984375,0.0,2433.0,1949.0,1926.0,0.5,0.5,0.5,,-0.0,2.3928017616271973,0.0,0.0,0.0,0.0
32780,359.032958984375,0.0,1998.0,1920.0,1866.0,0.5,0.5,0.5,,-0.0,2.3928017616271973,0.0,0.0,0.0,0.0
32784,359.032958984375,0.0,2208.0,1858.0,1730.0,0.5,0.5,0.5,,-0.0,2.3928017616271973,0.0,0.0,0.0,0.0
32788,359.032958984375,0.0,2438.0,1940.0,1931.0,0.5,0.5,0.5,,-0.0,2.3928017616271973,0.0,0.0,0.0,0.0
32792,359.032958984375,0.0,2443.0,2057.0,2077.0,0.5,0.5,0.5,,-0.0,0.0,0.0,0.0,0.0,0.0
32796,359.032958984375,0.0,2011.0,1921.0,1871.0,0.5,0.5,0.5,,-0.0,0.0,0.0,0.0,0.0,0.0
32800,359.032958984375,0.0,2217.0,1861.0,1732.0,0.5,0.5,0.5,,-0.0,0.0,0.0,0.0,0.0,0.0
32804,359.032958984375,0.0,2431.0,1935.0,1923.0,0.5,0.5,0.5,,-0.0,0.0,0.0,0.0,0.0,0.0
32808,359.032958984375,0.0,1994.0,1917.0,1869.0,0.5,0.5,0.5,,-0.0,0.0,0.0,0.0,0.0,0.0
32812,359.032958984375,0.0,2230.0,1861.0,1730.0,0.5,0.5,0.5,,-0.0,0.0,0.0,0.0,0.0,0.0
32816,359.032958984375,0.0,2437.0,1940.0,1926.0,0.5,0.5,0.5,,-0.0,0.0,0.0,0.0,0.0,0.0
32820,358.945068359375,-175.78123474121094,2446.0,2057.0,2077.0,0.5,0.5,0.5,,-0.0,0.0,0.0,0.0,0.0,0.0
32824,359.032958984375,175.78123474121094,1995.0,1918.0,1867.0,0.5,0.5,0.5,,-0.0,0.0,0.0,0.0,0.0,0.0
32828,359.032958984375,0.0,2190.0,1877.0,1740.0,0.5,0.5,0.5,,-0.0,0.0,0.0,0.0,0.0,0.0
32832,359.032958984375,0.0,2451.0,2052.0,2074.0,0.5,0.5,0.5,,-0.0,0.0,0.0,0.0,0.0,0.0
32836,359.032958984375,0.0,2001.0,1916.0,1865.0,0.5,0.5,0.5,,-0.0,0.0,0.0,0.0,0.0,0.0
32840,359.032958984375,0.0,2204.0,1861.0,1729.0,0.5,0.5,0.5,,-0.0,0.0,0.0,0.0,0.0,0.0
32844,359.032958984375,0.0,2431.0,1937.0,1929.0,0.5,0.5,0.5,,-0.0,0.0,0.0,0.0,0.0,0.0
32848,359.032958984375,0.0,2447.0,2056.0,2075.0,0.5,0.5,0.5,,-0.0,0.0,0.0,0.0,0.0,0.0
33656,359.032958984375,0.0,2444.0,2049.0,2065.0,0.5,0.5,0.5,,-0.0,0.0,0.0,0.0,0.0,0.0
33660,359.032958984375,0.0,2003.0,1919.0,1868.0,0.5,0.5,0.5,,-0.0,0.0,0.0,0.0,0.0,0.0
33664,359.032958984375,0.0,2209.0,1862.0,1728.0,0.5,0.5,0.5,,-0.0,0.0,0.0,0.0,0.0,0.0
33668,359.032958984375,0.0,2439.0,1923.0,1912.0,0.5,0.5,0.5,,-0.0,0.0,0.0,0.0,0.0,0.0
33672,359.032958984375,0.0,2441.0,2051.0,2067.0,0.5,0.5,0.5,,-0.0,0.0,0.0,0.0,0.0,0.0
33676,359.032958984375,0.0,1995.0,1912.0,1865.0,0.5,0.5,0.5,,-0.0,0.0,0.0,0.0,0.0,0.0
33680,359.032958984375,0.0,2431.0,1944.0,1928.0,0.5,0.5,0.5,,-0.0,0.0,0.0,0.0,0.0,0.0
33684,359.032958984375,0.0,2449.0,2053.0,2065.0,0.5,0.5,0.5,,-0.0,0.0,0.0,0.0,0.0,0.0
33688,359.032958984375,0.0,1988.0,1913.0,1864.0,0.5,0.5,0.5,,-0.0,0.0,0.0,0.0,0.0,0.0
33692,359.032958984375,0.0,2197.0,1850.0,1718.0,0.5,0.5,0.5,,-0.0,0.0,0.0,0.0,0.0,0.0
33696,359.032958984375,0.0,2427.0,1937.0,1921.0,0.5,0.5,0.5,,-0.0,0.0,0.0,0.0,0.0,0.0
33700,359.032958984375,0.0,2450.0,2053.0,2069.0,0.5,0.5,0.5,,-0.0,0.0,0.0,0.0,0.0,0.0
33704,359.032958984375,0.0,1997.0,1920.0,1869.0,0.5,0.5,0.5,,-0.0,0.0,0.0,0.0,0.0,0.0
33708,359.032958984375,0.0,2435.0,1944.0,1923.0,0.5,0.5,0.5,,-0.0,0.0,0.0,0.0,0.0,0.0
33712,359.032958984375,0.0,2442.0,2057.0,2071.0,0.5,0.5,0.5,,-0.0,0.0,0.0,0.0,0.0,0.0
33716,359.032958984375,0.0,1995.0,1930.0,1874.0,0.5,0.5,0.5,,-0.0,0.0,0.0,0.0,0.0,0.0
33720,359.032958984375,0.0,2201.0,1861.0,1729.0,0.5,0.5,0.5,,-0.0,0.0,0.0,0.0,0.0,0.0
33724,359.032958984375,0.0,2434.0,1936.0,1923.0,0.5,0.5,0.5,,-0.0,0.0,0.0,0.0,0.0,0.0
33728,359.032958984375,0.0,2443.0,2056.0,2073.0,0.5,0.5,0.5,,-0.0,0.0,0.0,0.0,0.0,0.0
33732,359.032958984375,0.0,1987.0,1920.0,1870.0,0.5,0.5,0.5,,-0.0,0.0,0.0,0.0,0.0,0.0
33736,359.032958984375,0.0,2438.0,1940.0,1924.0,0.5,0.5,0.5,,-0.0,0.0,0.0,0.0,0.0,0.0
33740,359.032958984375,0.0,2445.0,2053.0,2067.0,0.5,0.5,0.5,,-0.0,0.0,0.0,0.0,0.0,0.0
33744,359.032958984375,0.0,2001.0,1920.0,1868.0,0.5,0.5,0.5,,-0.0,0.0,0.0,0.0,0.0,0.0
33748,359.032958984375,0.0,2203.0,1861.0,1728.0,0.5,0.5,0.5,,-0.0,0.0,0.0,0.0,0.0,0.0
33752,359.032958984375,0.0,2436.0,1940.0,1924.0,0.5,0.5,0.5,,-0.0,0.0,0.0,0.0,0.0,0.0
33756,359.032958984375,0.0,2443.0,2056.0,2073.0,0.5,0.5,0.5,,-0.0,0.0,0.0,0.0,0.0,0.0
33760,359.032958984375,0.0,2218.0,1868.0,1733.0,0.5,0.5,0.5,,-0.0,0.0,0.0,0.0,0.0,0.0
33764,359.032958984375,0.0,2439.0,1939.0,1923.0,0.5,0.5,0.5,,-0.0,0.0,0.0,0.0,0.0,0.0
33768,359.032958984375,0.0,2451.0,2056.0,2068.0,0.5,0.5,0.5,,-0.0,0.0,0.0,0.0,0.0,0.0
33772,359.032958984375,0.0,1989.0,1921.0,1872.0,0.5,0.5,0.5,,-0.0,0.0,0.0,0.0,0.0,0.0
33776,359.032958984375,0.0,2199.0,1864.0,1729.0,0.5,0.5,0.5,,-0.0,0.0,0.0,0.0,0.0,0.0
33780,359.032958984375,0.0,2441.0,1934.0,1919.0,0.5,0.5,0.5,,-0.0,0.0,0.0,0.0,0.0,0.0
33784,359.032958984375,0.0,2446.0,2056.0,2071.0,0.5,0.5,0.5,,-0.0,0.0,0.0,0.0,0.0,0.0
33788,358.945068359375,-175.78123474121094,2197.0,1855.0,1723.0,0.5,0.5,0.5,,-0.0,0.0,0.0,0.0,0.0,0.0
33792,359.032958984375,175.78123474121094,2442.0,1942.0,1926.0,0.5,0.5,0.5,,-0.0,0.0,0.0,0.0,0.0,0.0
33796,359.032958984375,0.0,2434.0,2055.0,2073.0,0.5,0.5,0.5,,-0.0,0.0,0.0,0.0,0.0,0.0
33800,359.032958984375,0.0,1999.0,1920.0,1872.0,0.5,0.5,0.5,,-0.0,0.0,0.0,0.0,0.0,0.0
33804,359.032958984375,0.0,2213.0,1863.0,1728.0,0.5,0.5,0.5,,-0.0,0.0,0.0,0.0,0.0,0.0
33808,359.032958984375,0.0,2421.0,1930.0,1912.0,0.5,0.5,0.5,,-0.0,0.0,0.0,0.0,0.0,0.0
33812,359.032958984375,0.0,2436.0,2053.0,2071.0,0.5,0.5,0.5,,-0.0,0.0,0.0,0.0,0.0,0.0
33816,359.032958984375,0.0,2212.0,1866.0,1729.0,0.5,0.5,0.5,,-0.0,0.0,0.0,0.0,0.0,0.0
33820,359.032958984375,0.0,2447.0,1939.0,1928.0,0.5,0.5,0.5,,-0.0,0.0,0.0,0.0,0.0,0.0
33824,359.032958984375,0.0,2440.0,2066.0,2075.0,0.5,0.5,0.5,,-0.0,0.0,0.0,0.0,0.0,0.0
33828,359.032958984375,0.0,2001.0,1919.0,1869.0,0.5,0.5,0.5,,-0.0,0.0,0.0,0.0,0.0,0.0
33832,359.032958984375,0.0,2205.0,1872.0,1736.0,0.5,0.5,0.5,,-0.0,0.0,0.0,0.0,0.0,0.0
33836,359.032958984375,0.0,2437.0,1937.0,1923.0,0.5,0.5,0.5,,-0.0,0.0,0.0,0.0,0.0,0.0
33840,359.032958984375,0.0,2451.0,2053.0,2068.0,0.5,0.5,0.5,,-0.0,0.0,0.0,0.0,0.0,0.0
33844,359.032958984375,0.0,2210.0,1867.0,1729.0,0.5,0.5,0.5,,-0.0,0.0,0.0,0.0,0.0,0.0
33848,359.032958984375,0.0,2423.0,1931.0,1919.0,0.5,0.5,0.5,,-0.0,0.0,0.0,0.0,0.0,0.0
33852,359.032958984375,0.0,2443.0,2055.0,2069.0,0.5,0.5,0.5,,-0.0,0.0,0.0,0.0,0.0,0.0
33856,359.032958984375,0.0,1991.0,1916.0,1866.0,0.5,0.5,0.5,,-0.0,0.0,0.0,0.0,0.0,0.0
33860,359.032958984375,0.0,2202.0,1858.0,1725.0,0.5,0.5,0.5,,-0.0,0.0,0.0,0.0,0.0,0.0
33864,359.032958984375,0.0,2438.0,1936.0,1924.0,0.5,0.5,0.5,,-0.0,0.0,0.0,0.0,0.0,0.0
33868,359.032958984375,0.0,2464.0,2056.0,2072.0,0.5,0.5,0.5,,-0.0,0.0,0.0,0.0,0.0,0.0
33872,359.032958984375,0.0,2209.0,1864.0,1729.0,0.5,0.5,0.5,,-0.0,0.0,0.0,0.0,0.0,0.0
33876,359.032958984375,0.0,2428.0,1936.0,1918.0,0.5,0.5,0.5,,-0.0,0.0,0.0,0.0,0.0,0.0
33880,359.032958984375,0.0,2447.0,2053.0,2068.0,0.5,0.5,0.5,,-0.0,0.0,0.0,0.0,0.0,0.0
33884,359.032958984375,0.0,1978.0,1915.0,1865.0,0.5,0.5,0.5,,-0.0,0.0,0.0,0.0,0.0,0.0
33888,358.945068359375,-175.78123474121094,2203.0,1865.0,1732.0,0.5,0.5,0.5,,-0.0,0.0,0.0,0.0,0.0,0.0
33892,359.032958984375,175.78123474121094,2439.0,1937.0,1923.0,0.5,0.5,0.5,,-0.0,0.0,0.0,0.0,0.0,0.0
33896,359.032958984375,0.0,2454.0,2058.0,2072.0,0.5,0.5,0.5,,-0.0,0.0,0.0,0.0,0.0,0.0
33900,359.032958984375,0.0,2219.0,1864.0,1729.0,0.5,0.5,0.5,,-0.0,0.0,0.0,0.0,0.0,0.0
33904,359.032958984375,0.0,2431.0,1934.0,1924.0,0.5,0.5,0.5,,-0.0,0.0,0.0,0.0,0.0,0.0
33908,358.945068359375,-175.78123474121094,2446.0,2060.0,2077.0,0.5,0.5,0.5,,-0.0,0.0,0.0,0.0,0.0,0.0
33912,359.032958984375,175.78123474121094,1987.0,1915.0,1867.0,0.5,0.5,0.5,,-0.0,0.0,0.0,0.0,0.0,0.0
33916,359.032958984375,0.0,2187.0,1861.0,1731.0,0.5,0.5,0.5,,-0.0,0.0,0.0,0.0,0.0,0.0
33920,359.032958984375,0.0,2423.0,1933.0,1920.0,0.5,0.5,0.5,,-0.0,0.0,0.0,0.0,0.0,0.0
33924,359.032958984375,0.0,2003.0,1924.0,1873.0,0.5,0.5,0.5,,-0.0,0.0,0.0,0.0,0.0,0.0
33928,359.032958984375,0.0,2204.0,1859.0,1729.0,0.5,0.5,0.5,,-0.0,0.0,0.0,0.0,0.0,0.0
33932,359.032958984375,0.0,2437.0,1937.0,1929.0,0.5,0.5,0.5,,-0.0,0.0,0.0,0.0,0.0,0.0
33936,359.032958984375,0.0,2442.0,2056.0,2074.0,0.5,0.5,0.5,,-0.0,0.0,0.0,0.0,0.0,0.0
33940,359.032958984375,0.0,1991.0,1917.0,1868.0,0.5,0.5,0.5,,-0.0,0.0,0.0,0.0,0.0,0.0
33944,359.032958984375,0.0,2221.0,1866.0,1734.0,0.5,0.5,0.5,,-0.0,0.0,0.0,0.0,0.0,0.0
33948,359.032958984375,0.0,2423.0,1929.0,1918.0,0.5,0.5,0.5,,-0.0,0.0,0.0,0.0,0.0,0.0
33952,359.032958984375,0.0,1994.0,1920.0,1865.0,0.5,0.5,0.5,,-0.0,0.0,0.0,0.0,0.0,0.0
33956,359.032958984375,0.0,2201.0,1861.0,1732.0,0.5,0.5,0.5,,-0.0,0.0,0.0,0.0,0.0,0.0
33960,358.945068359375,-175.78123474121094,2427.0,1932.0,1923.0,0.5,0.5,0.5,,-0.0,0.0,0.0,0.0,0.0,0.0
33964,359.032958984375,175.78123474121094,2449.0,2052.0,2071.0,0.5,0.5,0.5,,-0.0,0.0,0.0,0.0,0.0,0.0
33968,359.032958984375,0.0,1990.0,1918.0,1869.0,0.5,0.5,0.5,,-0.0,0.0,0.0,0.0,0.0,0.0
33972,359.032958984375,0.0,2197.0,1871.0,1735.0,0.5,0.5,0.5,,-0.0,0.0,0.0,0.0,0.0,0.0
33976,358.945068359375,-175.78123474121094,2436.0,1936.0,1929.0,0.5,0.5,0.5,,-0.0,0.0,0.0,0.0,0.0,0.0
33980,359.032958984375,175.78123474121094,1987.0,1919.0,1868.0,0.5,0.5,0.5,,-0.0,0.0,0.0,0.0,0.0,0.0
33984,359.032958984375,0.0,2195.0,1856.0,1728.0,0.5,0.5,0.5,,-0.0,0.0,0.0,0.0,0.0,0.0
33988,358.945068359375,-175.78123474121094,2434.0,1935.0,1927.0,0.5,0.5,0.5,,-0.0,0.0,0.0,0.0,0.0,0.0
33992,359.032958984375,175.78123474121094,2451.0,2056.0,2072.0,0.5,0.5,0.5,,-0.0,0.0,0.0,0.0,0.0,0.0
33996,359.032958984375,0.0,1999.0,1915.0,1865.0,0.5,0.5,0.5,,-0.0,0.0,0.0,0.0,0.0,0.0
34000,359.032958984375,0.0,2205.0,1870.0,1738.0,0.5,0.5,0.5,,-0.0,0.0,0.0,0.0,0.0,0.0
34004,359.032958984375,0.0,2436.0,1934.0,1920.0,0.5,0.5,0.5,,-0.0,0.0,0.0,0.0,0.0,0.0
34008,359.032958984375,0.0,2002.0,1918.0,1868.0,0.5,0.5,0.5,,-0.0,0.0,0.0,0.0,0.0,0.0
34012,359.032958984375,0.0,1838.0,2066.0,2800.0,0.30131983757019043,0.2560538947582245,0.3426262438297272,,-0.0,0.026399997994303703,0.0,0.0,0.0,0.0
34016,1.0549451112747192,-715956.0,1326.0,1868.0,2662.0,0.3027586042881012,0.2553853988647461,0.3418560028076172,,-0.0,0.05519999563694,0.0,0.0,0.0,0.0
34020,9.142857551574707,16175.82421875,2139.0,1258.0,3675.0,0.3041950762271881,0.25475388765335083,0.34105104207992554,,-0.0,0.08400002121925354,0.0,0.0,0.0,0.0
34024,21.89011001586914,25494.50390625,1580.0,1737.0,3274.0,0.30562806129455566,0.2541598975658417,0.34021204710006714,,-0.0,0.11280006170272827,0.0,0.0,0.0,0.0
34028,28.131868362426758,12483.515625,1632.0,2031.0,2682.0,0.30705636739730835,0.2536039352416992,0.3393397033214569,,-0.0,0.14160005748271942,0.0,0.0,0.0,0.0
34032,23.91208839416504,-8439.5595703125,1459.0,2033.0,3121.0,0.30847883224487305,0.2530864477157593,0.33843472599983215,,-0.0,0.170400008559227,0.0,0.0,0.0,0.0
34036,17.14285659790039,-13538.462890625,1887.0,1681.0,3125.0,0.30989426374435425,0.25260788202285767,0.33749786019325256,,-0.0,0.19919995963573456,0.0,0.0,0.0,0.0
34040,16.08791160583496,-2109.889892578125,1965.0,1512.0,3030.0,0.31130146980285645,0.25216859579086304,0.3365299105644226,,-0.0,0.22799991071224213,0.0,0.0,0.0,0.0
34044,18.63736343383789,5098.9033203125,1590.0,1634.0,3197.0,0.3126993477344513,0.2517690062522888,0.33553165197372437,,-0.0,0.2567999064922333,0.0,0.0,0.0,0.0
34048,19.428571701049805,1582.41650390625,1504.0,1717.0,3356.0,0.3140866756439209,0.2514094114303589,0.3345039188861847,,-0.0,0.28560003638267517,0.0,0.0,0.0,0.0
34052,19.516483306884766,175.8231964111328,2337.0,1562.0,3146.0,0.31546229124069214,0.2510901093482971,0.33344757556915283,,-0.0,0.31440016627311707,0.0,0.0,0.0,0.0
34056,19.25274658203125,-527.4734497070312,1950.0,1531.0,3010.0,0.31682512164115906,0.2508113980293274,0.332363486289978,,-0.0,0.34320029616355896,0.0,0.0,0.0,0.0
34060,18.373626708984375,-1758.2396240234375,1615.0,1529.0,3219.0,0.31817397475242615,0.25057345628738403,0.3312525451183319,,-0.0,0.37200042605400085,0.0,0.0,0.0,0.0
34064,17.670330047607422,-1406.59326171875,2635.0,1433.0,3169.0,0.31950777769088745,0.25037652254104614,0.3301157057285309,,-0.0,0.40080055594444275,0.0,0.0,0.0,0.0
34068,17.494504928588867,-351.65020751953125,2595.0,1354.0,3047.0,0.32082539796829224,0.25022071599960327,0.3289538621902466,,-0.0,0.42960068583488464,0.0,0.0,0.0,0.0
34072,17.670330047607422,351.65020751953125,1517.0,1378.0,3234.0,0.32212573289871216,0.25010621547698975,0.3277680277824402,,-0.0,0.45840081572532654,0.0,0.0,0.0,0.0
34076,17.494504928588867,-351.65020751953125,1271.0,1453.0,3389.0,0.32340770959854126,0.25003311038017273,0.3265591561794281,,-0.0,0.48720094561576843,0.0,0.0,0.0,0.0
34080,17.14285659790039,-703.296630859375,2229.0,1293.0,3172.0,0.32467028498649597,0.2500014305114746,0.3253282904624939,,-0.0,0.5160008668899536,0.0,0.0,0.0,0.0
34084,16.615385055541992,-1054.9429931640625,2225.0,1190.0,3044.0,0.32591238617897034,0.25001123547554016,0.324076384305954,,-0.0,0.5448006391525269,0.0,0.0,0.0,0.0
34088,16.263736724853516,-703.296630859375,1691.0,1312.0,3402.0,0.3271329998970032,0.250062495470047,0.3228045105934143,,-0.0,0.5736004114151001,0.0,0.0,0.0,0.0
34092,15.824175834655762,-879.1217651367188,1939.0,1142.0,3176.0,0.3283310830593109,0.25015515089035034,0.32151374220848083,,-0.0,0.6024001836776733,0.0,0.0,0.0,0.0
34096,15.472527503967285,-703.296630859375,2298.0,1064.0,3041.0,0.32950568199157715,0.2502891719341278,0.32020512223243713,,-0.0,0.6311999559402466,0.0,0.0,0.0,0.0
34100,15.120879173278809,-703.296630859375,2569.0,1075.0,3226.0,0.3306558430194855,0.25046440958976746,0.31887975335121155,,-0.0,0.6599997282028198,0.0,0.0,0.0,0.0
34104,14.857142448425293,-527.4734497070312,1812.0,1142.0,3381.0,0.3317805528640747,0.25068074464797974,0.3175387382507324,,-0.0,0.6887995004653931,0.0,0.0,0.0,0.0
34108,14.593406677246094,-527.4714965820312,2127.0,1008.0,3166.0,0.33287888765335083,0.25093796849250793,0.3161831498146057,,-0.0,0.7175992727279663,0.0,0.0,0.0,0.0
34112,14.241758346557617,-703.296630859375,2567.0,922.0,3017.0,0.3339499831199646,0.25123587250709534,0.31481415033340454,,-0.0,0.7463990449905396,0.0,0.0,0.0,0.0
34116,13.89011001586914,-703.296630859375,1898.0,1040.0,3356.0,0.334992915391922,0.25157421827316284,0.31343284249305725,,-0.0,0.7751988172531128,0.0,0.0,0.0,0.0
34120,13.626373291015625,-527.4734497070312,2157.0,901.0,3128.0,0.3360068202018738,0.25195276737213135,0.31204044818878174,,-0.0,0.803998589515686,0.0,0.0,0.0,0.0
34124,13.362637519836426,-527.4714965820312,2965.0,832.0,2989.0,0.3369908630847931,0.2523711323738098,0.3106380105018616,,-0.0,0.8327983617782593,0.0,0.0,0.0,0.0
34128,13.09890079498291,-527.4734497070312,2962.0,852.0,3158.0,0.3379442095756531,0.25282901525497437,0.30922678112983704,,-0.0,0.8615981340408325,0.0,0.0,0.0,0.0
34132,12.835165023803711,-527.4714965820312,2020.0,923.0,3304.0,0.33886611461639404,0.2533259987831116,0.30780789256095886,,-0.0,0.8903979063034058,0.0,0.0,0.0,0.0
34136,12.571428298950195,-527.4734497070312,2395.0,786.0,3075.0,0.3397557735443115,0.2538616955280304,0.30638253688812256,,-0.0,0.919197678565979,0.0,0.0,0.0,0.0
34140,12.307692527770996,-527.4714965820312,2887.0,720.0,2930.0,0.3406124413013458,0.254435658454895,0.30495187640190125,,-0.0,0.9479974508285522,0.0,0.0,0.0,0.0
34144,12.04395580291748,-527.4734497070312,1928.0,851.0,3260.0,0.3414354622364044,0.25504744052886963,0.30351710319519043,,-0.0,0.9767972230911255,0.0,0.0,0.0,0.0
34148,11.868131637573242,-351.6483154296875,2392.0,720.0,3029.0,0.3422240912914276,0.25569647550582886,0.3020794093608856,,-0.0,1.0055971145629883,0.0,0.0,0.0,0.0
34152,11.604395866394043,-527.4714965820312,3015.0,649.0,2880.0,0.34297773241996765,0.2563822865486145,0.3006399869918823,,-0.0,1.0343976020812988,0.0,0.0,0.0,0.0
34156,11.516483306884766,-175.82510375976562,3015.0,698.0,3048.0,0.343695729970932,0.2571042776107788,0.29919999837875366,,-0.0,1.0631980895996094,0.0,0.0,0.0,0.0
34160,11.428571701049805,-175.8231964111328,2198.0,785.0,3200.0,0.34437745809555054,0.25786182284355164,0.2977606952190399,,-0.0,1.09199857711792,0.0,0.0,0.0,0.0
34164,11.252747535705566,-351.6483154296875,2230.0,659.0,2963.0,0.34502241015434265,0.25865432620048523,0.2963232398033142,,-0.0,1.1207990646362305,0.0,0.0,0.0,0.0
34168,10.98901081085205,-527.4734497070312,2759.0,606.0,2818.0,0.345630019903183,0.25948113203048706,0.29488885402679443,,-0.0,1.149599552154541,0.0,0.0,0.0,0.0
34172,10.725275039672852,-527.4714965820312,2515.0,740.0,3136.0,0.34619978070259094,0.2603415548801422,0.2934586703777313,,-0.0,1.1784000396728516,0.0,0.0,0.0,0.0
34176,10.461538314819336,-527.4734497070312,2231.0,606.0,2896.0,0.3467312157154083,0.261234849691391,0.29203394055366516,,-0.0,1.207200527191162,0.0,0.0,0.0,0.0
34180,10.285714149475098,-351.6483154296875,2738.0,550.0,2746.0,0.3472238779067993,0.2621603012084961,0.2906157970428467,,-0.0,1.2360010147094727,0.0,0.0,0.0,0.0
34184,10.021978378295898,-527.4714965820312,3190.0,595.0,2894.0,0.3476773798465729,0.26311713457107544,0.2892054617404938,,-0.0,1.2648015022277832,0.0,0.0,0.0,0.0
34188,9.758241653442383,-527.4734497070312,2655.0,694.0,3043.0,0.34809136390686035,0.26410457491874695,0.2878040671348572,,-0.0,1.2936019897460938,0.0,0.0,0.0,0.0
34192,9.670330047607422,-175.8231964111328,2345.0,582.0,2812.0,0.3484654426574707,0.26512178778648376,0.28641277551651,,-0.0,1.3224024772644043,0.0,0.0,0.0,0.0
34196,9.582417488098145,-175.82510375976562,2840.0,534.0,2658.0,0.34879931807518005,0.26616790890693665,0.2850327789783478,,-0.0,1.3512029647827148,0.0,0.0,0.0,0.0
34200,9.494505882263184,-175.8231964111328,2767.0,676.0,2964.0,0.3490927219390869,0.26724210381507874,0.28366518020629883,,-0.0,1.3800034523010254,0.0,0.0,0.0,0.0
34204,9.230769157409668,-527.4734497070312,2393.0,556.0,2736.0,0.3493453860282898,0.268343448638916,0.2823111414909363,,-0.0,1.408803939819336,0.0,0.0,0.0,0.0
34208,8.879120826721191,-703.296630859375,2843.0,508.0,2573.0,0.34955716133117676,0.26947107911109924,0.2809717655181885,,-0.0,1.4376044273376465,0.0,0.0,0.0,0.0
34212,8.527472496032715,-703.296630859375,3328.0,561.0,2706.0,0.3497278094291687,0.2706240117549896,0.27964815497398376,,-0.0,1.466404914855957,0.0,0.0,0.0,0.0
34216,8.351648330688477,-351.6483154296875,2959.0,649.0,2830.0,0.3498572111129761,0.27180132269859314,0.2783414423465729,,-0.0,1.4952054023742676,0.0,0.0,0.0,0.0
34220,8.087912559509277,-527.4714965820312,2522.0,540.0,2600.0,0.3499452769756317,0.273002028465271,0.27705270051956177,,-0.0,1.5240058898925781,0.0,0.0,0.0,0.0
34224,7.824175834655762,-527.4734497070312,3411.0,540.0,2594.0,0.34999191761016846,0.2742250859737396,0.2757830023765564,,-0.0,1.5528063774108887,0.0,0.0,0.0,0.0
34228,7.472527503967285,-703.296630859375,3009.0,648.0,2730.0,0.34999707341194153,0.275469571352005,0.27453336119651794,,-0.0,1.5816068649291992,0.0,0.0,0.0,0.0
34232,7.120879173278809,-703.296630859375,2599.0,532.0,2491.0,0.3499607741832733,0.2767343521118164,0.27330484986305237,,-0.0,1.6104073524475098,0.0,0.0,0.0,0.0
34236,6.857142925262451,-527.4724731445312,3002.0,493.0,2326.0,0.3498830497264862,0.2780184745788574,0.27209848165512085,,-0.0,1.6392078399658203,0.0,0.0,0.0,0.0
34240,6.593406677246094,-527.4724731445312,3497.0,553.0,2459.0,0.3497639298439026,0.2793208062648773,0.27091526985168457,,-0.0,1.6680083274841309,0.0,0.0,0.0,0.0
34244,6.329670429229736,-527.4724731445312,3069.0,648.0,2583.0,0.349603533744812,0.28064030408859253,0.26975613832473755,,-0.0,1.6968088150024414,0.0,0.0,0.0,0.0
34248,5.890110015869141,-879.1207885742188,2743.0,542.0,2343.0,0.3494020104408264,0.2819758355617523,0.26862213015556335,,-0.0,1.725609302520752,0.0,0.0,0.0,0.0
34252,5.626373767852783,-527.4724731445312,3569.0,578.0,2356.0,0.34915950894355774,0.28332632780075073,0.2675141394138336,,-0.0,1.7544097900390625,0.0,0.0,0.0,0.0
34256,5.362637519836426,-527.4724731445312,3115.0,662.0,2461.0,0.3488762378692627,0.28469064831733704,0.26643308997154236,,-0.0,1.783210277557373,0.0,0.0,0.0,0.0
34260,5.098901271820068,-527.4724731445312,2841.0,567.0,2225.0,0.3485524356365204,0.2860676646232605,0.2653798758983612,,-0.0,1.8120107650756836,0.0,0.0,0.0,0.0
34264,4.835165023803711,-527.4724731445312,3298.0,529.0,2052.0,0.3481883406639099,0.2874562442302704,0.2643553912639618,,-0.0,1.8408112525939941,0.0,0.0,0.0,0.0
34268,4.5714287757873535,-527.4724731445312,3643.0,581.0,2211.0,0.34778428077697754,0.2888552248477936,0.26336047053337097,,-0.0,1.8696117401123047,0.0,0.0,0.0,0.0
34272,4.395604610443115,-351.6483154296875,3115.0,689.0,2348.0,0.3473406136035919,0.29026347398757935,0.2623959183692932,,-0.0,1.8984122276306152,0.0,0.0,0.0,0.0
34276,4.307692527770996,-175.82415771484375,2965.0,590.0,2117.0,0.3468576669692993,0.2916797697544098,0.26146256923675537,,-0.0,1.9272127151489258,0.0,0.0,0.0,0.0
34280,4.219780445098877,-175.82415771484375,3667.0,608.0,2117.0,0.34633585810661316,0.2931029498577118,0.26056116819381714,,-0.0,1.9560132026672363,0.0,0.0,0.0,0.0
34284,4.043956279754639,-351.6483154296875,2925.0,718.0,2249.0,0.3457756042480469,0.2945318818092346,0.2596924901008606,,-0.0,1.9848136901855469,0.0,0.0,0.0,0.0
34288,3.692307710647583,-703.297119140625,3104.0,636.0,2011.0,0.34517741203308105,0.295965313911438,0.25885728001594543,,-0.0,2.01361346244812,0.0,0.0,0.0,0.0
34292,3.3406593799591064,-703.296630859375,3610.0,612.0,1830.0,0.3445417582988739,0.297402024269104,0.2580561935901642,,-0.0,2.042412519454956,0.0,0.0,0.0,0.0
34296,3.076923131942749,-527.4724731445312,3523.0,695.0,1972.0,0.3438691794872284,0.2988409101963043,0.25728991627693176,,-0.0,2.071211576461792,0.0,0.0,0.0,0.0
34300,2.9010989665985107,-351.6483154296875,2555.0,795.0,2090.0,0.3431602120399475,0.30028077960014343,0.25655901432037354,,-0.0,2.100010633468628,0.0,0.0,0.0,0.0
34304,2.7252748012542725,-351.6483154296875,3341.0,707.0,1868.0,0.3424154222011566,0.30172038078308105,0.2558641731739044,,-0.0,2.128809690475464,0.0,0.0,0.0,0.0
34308,2.549450635910034,-351.6483154296875,3509.0,740.0,1884.0,0.34163549542427063,0.30315858125686646,0.2552059292793274,,-0.0,2.1576087474823,0.0,0.0,0.0,0.0
34312,2.461538553237915,-175.82415771484375,2593.0,846.0,2004.0,0.3408210277557373,0.30459412932395935,0.2545848488807678,,-0.0,2.1864078044891357,0.0,0.0,0.0,0.0
34316,2.2857143878936768,-351.6483154296875,3337.0,759.0,1774.0,0.33997270464897156,0.306025892496109,0.2540014088153839,,-0.0,2.2152068614959717,0.0,0.0,0.0,0.0
34320,2.1098902225494385,-351.6483154296875,3731.0,741.0,1598.0,0.3390912115573883,0.30745264887809753,0.25345611572265625,,-0.0,2.2440059185028076,0.0,0.0,0.0,0.0
34324,1.9340659379959106,-351.6485595703125,3463.0,827.0,1740.0,0.33817732334136963,0.3088732361793518,0.25294941663742065,,-0.0,2.2728049755096436,0.0,0.0,0.0,0.0
34328,1.6703296899795532,-527.4724731445312,2568.0,947.0,1849.0,0.3372317850589752,0.3102864623069763,0.25248175859451294,,-0.0,2.3016040325164795,0.0,0.0,0.0,0.0
34332,1.4065934419631958,-527.4724731445312,3401.0,870.0,1613.0,0.33625534176826477,0.31169116497039795,0.25205349922180176,,-0.0,2.3304030895233154,0.0,0.0,0.0,0.0
34336,1.2307692766189575,-351.6483154296875,3300.0,924.0,1616.0,0.33524882793426514,0.3130861520767212,0.25166499614715576,,-0.0,2.3592021465301514,0.0,0.0,0.0,0.0
34340,0.9670329689979553,-527.4725952148438,2794.0,1030.0,1721.0,0.33421310782432556,0.3144702911376953,0.2513166069984436,,-0.0,2.3880012035369873,0.0,0.0,0.0,0.0
34344,0.791208803653717,-351.6483154296875,3459.0,962.0,1498.0,0.3331490159034729,0.3158424198627472,0.2510085701942444,,-0.0,2.4168002605438232,0.0,0.0,0.0,0.0
34348,0.5274725556373596,-527.4724731445312,3631.0,951.0,1323.0,0.3320574164390564,0.3172014355659485,0.2507411539554596,,-0.0,2.445599317550659,0.0,0.0,0.0,0.0
34352,0.2637362778186798,-527.4725341796875,3140.0,1048.0,1455.0,0.33093923330307007,0.3185461759567261,0.25051459670066833,,-0.0,2.474398374557495,0.0,0.0,0.0,0.0
34356,0.08791209012269974,-351.64837646484375,3117.0,1176.0,1564.0,0.32979536056518555,0.3198755383491516,0.2503291070461273,,-0.0,2.503197431564331,0.0,0.0,0.0,0.0
34360,360.0,719824.125,3383.0,1101.0,1337.0,0.328626811504364,0.32118839025497437,0.2501847743988037,,-0.0,2.531996488571167,0.0,0.0,0.0,0.0
34364,359.6483459472656,-703.3080444335938,2927.0,1154.0,1338.0,0.3274345397949219,0.32248371839523315,0.25008177757263184,,-0.0,2.560795545578003,0.0,0.0,0.0,0.0
34368,359.4725341796875,-351.6235046386719,3161.0,1291.0,1449.0,0.32621946930885315,0.32376036047935486,0.2500201463699341,,-0.0,2.589594602584839,0.0,0.0,0.0,0.0
34372,359.29669189453125,-351.6845397949219,3278.0,1244.0,1226.0,0.3249826729297638,0.3250173032283783,0.25,,-0.0,2.618393659591675,0.0,0.0,0.0,0.0
34376,359.032958984375,-527.4658203125,3129.0,1223.0,1036.0,0.323725163936615,0.3262535035610199,0.2500213086605072,,-0.0,2.6471927165985107,0.0,0.0,0.0,0.0
34380,358.6813049316406,-703.3080444335938,2953.0,1332.0,1175.0,0.3224479854106903,0.3274679481983185,0.2500840723514557,,-0.0,2.6759917736053467,0.0,0.0,0.0,0.0
34384,358.4175720214844,-527.4658203125,3273.0,1474.0,1278.0,0.3211521804332733,0.3286595940589905,0.2501882314682007,,-0.0,2.7047908306121826,0.0,0.0,0.0,0.0
34388,358.1538391113281,-527.4658203125,2850.0,1348.0,925.0,0.31983885169029236,0.3298274576663971,0.250333696603775,,-0.0,2.7335898876190186,0.0,0.0,0.0,0.0
34392,357.97802734375,-351.6235046386719,3191.0,1458.0,1066.0,0.318509042263031,0.3309706151485443,0.25052034854888916,,-0.0,2.7623889446258545,0.0,0.0,0.0,0.0
34396,357.80218505859375,-351.6845397949219,3351.0,1589.0,1175.0,0.31716388463974,0.33208808302879333,0.25074803829193115,,-0.0,2.7911880016326904,0.0,0.0,0.0,0.0
34400,357.5384521484375,-527.4658203125,2851.0,1514.0,961.0,0.31580451130867004,0.33317890763282776,0.2510165572166443,,-0.0,2.8199870586395264,0.0,0.0,0.0,0.0
34404,357.27471923828125,-527.4658203125,2854.0,1505.0,797.0,0.3144320249557495,0.3342422544956207,0.25132572650909424,,-0.0,2.8487861156463623,0.0,0.0,0.0,0.0
34408,357.010986328125,-527.4658203125,3318.0,1621.0,932.0,0.3130475580692291,0.33527716994285583,0.25167524814605713,,-0.0,2.8775851726531982,0.0,0.0,0.0,0.0
34412,356.8351745605469,-351.6235046386719,3170.0,1759.0,1048.0,0.311652272939682,0.3362828493118286,0.25206485390663147,,-0.0,2.906384229660034,0.0,0.0,0.0,0.0
34416,356.6593322753906,-351.6845397949219,2941.0,1627.0,714.0,0.3102473318576813,0.3372584581375122,0.252494215965271,,-0.0,2.93518328666687,0.0,0.0,0.0,0.0
34420,356.30767822265625,-703.3080444335938,3443.0,1744.0,854.0,0.30883389711380005,0.3382031321525574,0.25296294689178467,,-0.0,2.963982343673706,0.0,0.0,0.0,0.0
34424,356.1318664550781,-351.6235046386719,2933.0,1878.0,964.0,0.30741313099861145,0.3391161262989044,0.2534707188606262,,-0.0,2.992781400680542,0.0,0.0,0.0,0.0
34428,355.8681335449219,-527.4658203125,3227.0,1808.0,768.0,0.305986225605011,0.33999669551849365,0.25401708483695984,,-0.0,3.021580457687378,0.0,0.0,0.0,0.0
34432,355.69232177734375,-351.6235046386719,2982.0,1796.0,615.0,0.3045543432235718,0.3408440947532654,0.2546015679836273,,-0.0,3.050379514694214,0.0,0.0,0.0,0.0
34436,355.4285583496094,-527.52685546875,2987.0,1902.0,754.0,0.30311867594718933,0.3416576087474823,0.25522369146347046,,-0.0,3.07917857170105,0.0,0.0,0.0,0.0
34440,355.25274658203125,-351.6235046386719,3055.0,2032.0,876.0,0.30168044567108154,0.3424365818500519,0.25588297843933105,,-0.0,3.1079776287078857,0.0,0.0,0.0,0.0
34444,355.0769348144531,-351.6235046386719,2854.0,1891.0,557.0,0.30024078488349915,0.3431803584098816,0.25657883286476135,,-0.0,3.1367766857147217,0.0,0.0,0.0,0.0
34448,354.989013671875,-175.84226989746094,3003.0,1993.0,709.0,0.2988009750843048,0.3438883423805237,0.257310688495636,,-0.0,3.1655757427215576,0.0,0.0,0.0,0.0
35256,307.3406677246094,-703.3080444335938,2874.0,1292.0,966.0,0.3213692009449005,0.32846277952194214,0.2501680254936218,,-0.0,8.98318099975586,0.0,0.0,0.0,0.0
35260,307.0769348144531,-527.4658203125,2985.0,1382.0,1083.0,0.3200584352016449,0.3296349346637726,0.250306636095047,,-0.0,9.011985778808594,0.0,0.0,0.0,0.0
35264,306.9010925292969,-351.6845397949219,3091.0,1420.0,1030.0,0.31873100996017456,0.3307824730873108,0.25048649311065674,,-0.0,9.040790557861328,0.0,0.0,0.0,0.0
35268,306.6373596191406,-527.4658203125,2790.0,1416.0,867.0,0.3173880875110626,0.33190450072288513,0.2507074177265167,,-0.0,9.069595336914062,0.0,0.0,0.0,0.0
35272,306.3736267089844,-527.4658203125,3317.0,1516.0,1000.0,0.31603071093559265,0.3330000340938568,0.250969260931015,,-0.0,9.098400115966797,0.0,0.0,0.0,0.0
35276,306.19781494140625,-351.6235046386719,3347.0,1669.0,1115.0,0.31466004252433777,0.3340681791305542,0.2512717545032501,,-0.0,9.127204895019531,0.0,0.0,0.0,0.0
35280,305.9340515136719,-527.52685546875,3092.0,1586.0,903.0,0.3132772147655487,0.33510810136795044,0.25161468982696533,,-0.0,9.156009674072266,0.0,0.0,0.0,0.0
35284,305.75823974609375,-351.6235046386719,2891.0,1581.0,739.0,0.3118833601474762,0.3361188769340515,0.25199776887893677,,-0.0,9.184814453125,0.0,0.0,0.0,0.0
35288,305.4945068359375,-527.4658203125,3435.0,1680.0,877.0,0.31047964096069336,0.33709967136383057,0.25242066383361816,,-0.0,9.213619232177734,0.0,0.0,0.0,0.0
35292,305.3186950683594,-351.6235046386719,3459.0,1689.0,809.0,0.3090672492980957,0.33804967999458313,0.25288304686546326,,-0.0,9.242424011230469,0.0,0.0,0.0,0.0
35296,305.054931640625,-527.52685546875,3003.0,1705.0,666.0,0.30764731764793396,0.3389681577682495,0.253384530544281,,-0.0,9.271228790283203,0.0,0.0,0.0,0.0
35300,304.8791198730469,-351.6235046386719,3215.0,1802.0,791.0,0.306221067905426,0.33985427021980286,0.2539246678352356,,-0.0,9.300033569335938,0.0,0.0,0.0,0.0
35304,304.6153869628906,-527.4658203125,2881.0,1965.0,924.0,0.30478963255882263,0.34070733189582825,0.2545030415058136,,-0.0,9.328838348388672,0.0,0.0,0.0,0.0
35308,304.4395751953125,-351.6235046386719,2936.0,1858.0,710.0,0.3033542335033417,0.3415266275405884,0.2551191449165344,,-0.0,9.357643127441406,0.0,0.0,0.0,0.0
35312,304.1758117675781,-527.52685546875,2957.0,1849.0,569.0,0.3019160330295563,0.34231144189834595,0.25577250123023987,,-0.0,9.38644790649414,0.0,0.0,0.0,0.0
35316,304.0879211425781,-175.78123474121094,3029.0,2068.0,862.0,0.3004762530326843,0.3430611789226532,0.25646254420280457,,-0.0,9.415252685546875,0.0,0.0,0.0,0.0
35320,303.9120788574219,-351.6845397949219,2953.0,1962.0,670.0,0.29903608560562134,0.3437751829624176,0.25718873739242554,,-0.0,9.44405746459961,0.0,0.0,0.0,0.0
35324,303.8241882324219,-175.78123474121094,2783.0,1951.0,532.0,0.2975967228412628,0.3444528579711914,0.25795042514801025,,-0.0,9.472862243652344,0.0,0.0,0.0,0.0
35328,303.73626708984375,-175.84226989746094,3010.0,2045.0,673.0,0.2961593270301819,0.34509366750717163,0.2587469816207886,,-0.0,9.501667022705078,0.0,0.0,0.0,0.0
35332,303.4725341796875,-527.4658203125,2876.0,2199.0,803.0,0.2947251498699188,0.3456970453262329,0.25957778096199036,,-0.0,9.530471801757812,0.0,0.0,0.0,0.0
35336,303.29669189453125,-351.6845397949219,3195.0,2108.0,606.0,0.29329532384872437,0.34626254439353943,0.2604421377182007,,-0.0,9.559276580810547,0.0,0.0,0.0,0.0
35340,303.1208801269531,-351.6235046386719,2684.0,2104.0,466.0,0.2918710708618164,0.3467896282672882,0.2613392770290375,,-0.0,9.588081359863281,0.0,0.0,0.0,0.0
35344,302.945068359375,-351.6235046386719,2813.0,2319.0,759.0,0.29045355319976807,0.3472779095172882,0.2622685134410858,,-0.0,9.616886138916016,0.0,0.0,0.0,0.0
35348,302.6813049316406,-527.52685546875,3191.0,2208.0,578.0,0.28904396295547485,0.347726970911026,0.26322904229164124,,-0.0,9.64569091796875,0.0,0.0,0.0,0.0
35352,302.5054931640625,-351.6235046386719,2691.0,2178.0,447.0,0.2876434922218323,0.34813642501831055,0.26422008872032166,,-0.0,9.674495697021484,0.0,0.0,0.0,0.0
35356,302.4175720214844,-175.84226989746094,2751.0,2278.0,604.0,0.2862532436847687,0.3485059440135956,0.2652408182621002,,-0.0,9.703300476074219,0.0,0.0,0.0,0.0
35360,302.4175720214844,0.0,2723.0,2415.0,736.0,0.2848743796348572,0.3488352298736572,0.2662903666496277,,-0.0,9.732105255126953,0.0,0.0,0.0,0.0
35364,302.24176025390625,-351.6235046386719,3142.0,2326.0,561.0,0.2835080921649933,0.3491239845752716,0.2673678994178772,,-0.0,9.760910034179688,0.0,0.0,0.0,0.0
35368,301.8901062011719,-703.3080444335938,2637.0,2320.0,421.0,0.28215548396110535,0.3493719696998596,0.2684725224971771,,-0.0,9.789714813232422,0.0,0.0,0.0,0.0
35372,301.6263732910156,-527.4658203125,2637.0,2536.0,715.0,0.2808176875114441,0.34957900643348694,0.26960328221321106,,-0.0,9.818519592285156,0.0,0.0,0.0,0.0
35376,301.3626403808594,-527.4658203125,3093.0,2448.0,538.0,0.2794957756996155,0.34974491596221924,0.270759254693985,,-0.0,9.84732437133789,0.0,0.0,0.0,0.0
35380,301.1867980957031,-351.6845397949219,2643.0,2436.0,413.0,0.2781909108161926,0.3498695492744446,0.2719395160675049,,-0.0,9.876129150390625,0.0,0.0,0.0,0.0
35384,301.010986328125,-351.6235046386719,2455.0,2527.0,560.0,0.2769041359424591,0.3499528169631958,0.2731430232524872,,-0.0,9.90493392944336,0.0,0.0,0.0,0.0
35388,300.6593322753906,-703.3080444335938,2485.0,2689.0,714.0,0.2756364941596985,0.3499946594238281,0.2743688225746155,,-0.0,9.933738708496094,0.0,0.0,0.0,0.0
35392,300.3955993652344,-527.4658203125,3000.0,2589.0,533.0,0.2743890881538391,0.3499949872493744,0.2756159007549286,,-0.0,9.962543487548828,0.0,0.0,0.0,0.0
35396,300.1318664550781,-527.4658203125,2657.0,2586.0,402.0,0.27316293120384216,0.349953830242157,0.27688321471214294,,-0.0,9.991348266601562,0.0,0.0,0.0,0.0
35400,299.8681335449219,-527.4658203125,2354.0,2802.0,711.0,0.2719590365886688,0.3498712480068207,0.2781696915626526,,-0.0,10.020153045654297,0.0,0.0,0.0,0.0
35404,299.6044006347656,-527.4658203125,2914.0,2704.0,538.0,0.2707784175872803,0.34974730014801025,0.27947428822517395,,-0.0,10.048957824707031,0.0,0.0,0.0,0.0
35408,299.25274658203125,-703.3080444335938,2574.0,2692.0,409.0,0.2696220278739929,0.34958207607269287,0.2807959020137787,,-0.0,10.077762603759766,0.0,0.0,0.0,0.0
35412,298.9010925292969,-703.3080444335938,2195.0,2784.0,578.0,0.26849082112312317,0.3493756949901581,0.28213346004486084,,-0.0,10.1065673828125,0.0,0.0,0.0,0.0
35416,298.6373596191406,-527.4658203125,2136.0,2960.0,738.0,0.2673857808113098,0.3491283655166626,0.2834858298301697,,-0.0,10.135372161865234,0.0,0.0,0.0,0.0
35420,298.3736267089844,-527.4658203125,2833.0,2839.0,558.0,0.2663078010082245,0.34884026646614075,0.28485190868377686,,-0.0,10.164176940917969,0.0,0.0,0.0,0.0
35424,298.02197265625,-703.3080444335938,2437.0,2828.0,442.0,0.2652577757835388,0.34851163625717163,0.28623056411743164,,-0.0,10.192981719970703,0.0,0.0,0.0,0.0
35428,297.75823974609375,-527.4658203125,1989.0,3041.0,755.0,0.26423656940460205,0.3481427729129791,0.2876206338405609,,-0.0,10.221786499023438,0.0,0.0,0.0,0.0
35432,297.4945068359375,-527.4658203125,2762.0,2923.0,585.0,0.26324501633644104,0.3477339744567871,0.28902095556259155,,-0.0,10.250591278076172,0.0,0.0,0.0,0.0
35436,297.1428527832031,-703.3080444335938,2355.0,2891.0,458.0,0.26228398084640503,0.34728556871414185,0.2904304265975952,,-0.0,10.279396057128906,0.0,0.0,0.0,0.0
35440,296.967041015625,-351.6235046386719,2001.0,2964.0,625.0,0.2613542377948761,0.3467979431152344,0.2918477952480316,,-0.0,10.30820083618164,0.0,0.0,0.0,0.0
35444,296.8791198730469,-175.84226989746094,1850.0,3125.0,784.0,0.26045656204223633,0.34627145528793335,0.2932719588279724,,-0.0,10.337005615234375,0.0,0.0,0.0,0.0
35448,296.8791198730469,0.0,2695.0,2996.0,619.0,0.259591668844223,0.34570661187171936,0.2947016954421997,,-0.0,10.36581039428711,0.0,0.0,0.0,0.0
35452,296.6153869628906,-527.4658203125,2215.0,2973.0,507.0,0.2587603032588959,0.34510383009910583,0.296135812997818,,-0.0,10.394615173339844,0.0,0.0,0.0,0.0
35456,296.26373291015625,-703.3080444335938,1716.0,3185.0,837.0,0.2579631805419922,0.34446364641189575,0.29757314920425415,,-0.0,10.423419952392578,0.0,0.0,0.0,0.0
35460,295.9120788574219,-703.3080444335938,2605.0,3067.0,673.0,0.2572008967399597,0.3437865376472473,0.29901251196861267,,-0.0,10.452224731445312,0.0,0.0,0.0,0.0
35464,295.6483459472656,-527.4658203125,2045.0,3040.0,564.0,0.25647416710853577,0.34307312965393066,0.30045267939567566,,-0.0,10.481029510498047,0.0,0.0,0.0,0.0
35468,295.4725341796875,-351.6235046386719,1866.0,3108.0,740.0,0.2557834982872009,0.34232398867607117,0.3018924593925476,,-0.0,10.509834289550781,0.0,0.0,0.0,0.0
35472,295.3846130371094,-175.84226989746094,1622.0,3267.0,911.0,0.25512954592704773,0.3415397107601166,0.3033306896686554,,-0.0,10.538639068603516,0.0,0.0,0.0,0.0
35476,295.20880126953125,-351.6235046386719,2630.0,3129.0,745.0,0.25451281666755676,0.3407209813594818,0.30476614832878113,,-0.0,10.56744384765625,0.0,0.0,0.0,0.0
35480,295.032958984375,-351.6845397949219,1806.0,3144.0,794.0,0.2539338171482086,0.3398684859275818,0.3061976432800293,,-0.0,10.596248626708984,0.0,0.0,0.0,0.0
35484,294.945068359375,-175.78123474121094,1574.0,3297.0,972.0,0.2533930540084839,0.33898288011550903,0.3076240122318268,,-0.0,10.625053405761719,0.0,0.0,0.0,0.0
35488,294.6813049316406,-527.52685546875,2647.0,3167.0,813.0,0.252890944480896,0.338064968585968,0.3090440630912781,,-0.0,10.653858184814453,0.0,0.0,0.0,0.0
35492,294.4175720214844,-527.4658203125,2031.0,3136.0,708.0,0.25242793560028076,0.33711543679237366,0.31045660376548767,,-0.0,10.682662963867188,0.0,0.0,0.0,0.0
35496,294.1538391113281,-527.4658203125,2103.0,3200.0,904.0,0.25200438499450684,0.3361351490020752,0.31186044216156006,,-0.0,10.711467742919922,0.0,0.0,0.0,0.0
35500,293.97802734375,-351.6235046386719,1993.0,3357.0,1090.0,0.25162065029144287,0.3351248502731323,0.3132544755935669,,-0.0,10.740272521972656,0.0,0.0,0.0,0.0
35504,293.71429443359375,-527.4658203125,2313.0,3212.0,925.0,0.25127705931663513,0.3340854346752167,0.3146374821662903,,-0.0,10.76907730102539,0.0,0.0,0.0,0.0
35508,293.5384521484375,-351.6845397949219,1722.0,3233.0,997.0,0.2509738802909851,0.3330177068710327,0.3160083591938019,,-0.0,10.797882080078125,0.0,0.0,0.0,0.0
35512,293.27471923828125,-527.4658203125,1642.0,3384.0,1186.0,0.2507113814353943,0.33192262053489685,0.31736597418785095,,-0.0,10.82668685913086,0.0,0.0,0.0,0.0
35516,293.010986328125,-527.4658203125,2275.0,3251.0,1029.0,0.2504897713661194,0.3308010399341583,0.3187091648578644,,-0.0,10.855491638183594,0.0,0.0,0.0,0.0
35520,292.8351745605469,-351.6235046386719,1903.0,3204.0,932.0,0.2503092586994171,0.32965388894081116,0.3200368285179138,,-0.0,10.884296417236328,0.0,0.0,0.0,0.0
35524,292.6593322753906,-351.6845397949219,1508.0,3262.0,1136.0,0.25016993284225464,0.32848215103149414,0.3213478624820709,,-0.0,10.913101196289062,0.0,0.0,0.0,0.0
35528,292.3955993652344,-527.4658203125,1196.0,3402.0,1323.0,0.25007200241088867,0.3272867798805237,0.32264119386672974,,-0.0,10.941905975341797,0.0,0.0,0.0,0.0
35532,292.1318664550781,-527.4658203125,2387.0,3262.0,1172.0,0.2500154674053192,0.3260687589645386,0.3239157497882843,,-0.0,10.970710754394531,0.0,0.0,0.0,0.0
35536,291.8681335449219,-527.4658203125,1493.0,3254.0,1260.0,0.25000038743019104,0.3248291313648224,0.32517045736312866,,-0.0,10.999515533447266,0.0,0.0,0.0,0.0
35540,291.69232177734375,-351.6235046386719,1209.0,3404.0,1457.0,0.25002679228782654,0.3235688805580139,0.32640427350997925,,-0.0,11.0283203125,0.0,0.0,0.0,0.0
35544,291.3406677246094,-703.3080444335938,2315.0,3264.0,1290.0,0.25006136298179626,0.3228246867656708,0.3271139860153198,,-0.0,11.045123100280762,0.0,0.0,0.0,0.0
35548,290.989013671875,-703.3080444335938,1809.0,3210.0,1130.0,0.25001075863838196,0.3240964710712433,0.325892835855484,,-0.0,11.016318321228027,0.0,0.0,0.0,0.0
35552,290.9010925292969,-175.84226989746094,1482.0,3274.0,1276.0,0.25000160932540894,0.32534825801849365,0.3246501684188843,,-0.0,10.987513542175293,0.0,0.0,0.0,0.0
35556,291.25274658203125,703.3080444335938,1261.0,3408.0,1388.0,0.250033974647522,0.3265790045261383,0.323387086391449,,-0.0,10.958708763122559,0.0,0.0,0.0,0.0
35560,291.78021240234375,1054.931640625,2413.0,3261.0,1140.0,0.2501077651977539,0.32778769731521606,0.3221045732498169,,-0.0,10.929903984069824,0.0,0.0,0.0,0.0
35564,292.0439453125,527.4658203125,1503.0,3264.0,1137.0,0.25022298097610474,0.32897335290908813,0.3208037316799164,,-0.0,10.90109920501709,0.0,0.0,0.0,0.0
35568,292.1318664550781,175.84226989746094,1329.0,3402.0,1259.0,0.2503794729709625,0.33013495802879333,0.3194856345653534,,-0.0,10.872294425964355,0.0,0.0,0.0,0.0
35572,292.21978759765625,175.84226989746094,2274.0,3249.0,1037.0,0.2505771219730377,0.33127155900001526,0.3181513547897339,,-0.0,10.843489646911621,0.0,0.0,0.0,0.0
35576,292.4835205078125,527.4658203125,1942.0,3196.0,876.0,0.25081580877304077,0.3323822021484375,0.3168020248413086,,-0.0,10.814684867858887,0.0,0.0,0.0,0.0
35580,292.8351745605469,703.3080444335938,1689.0,3239.0,1007.0,0.2510952651500702,0.3334660232067108,0.31543877720832825,,-0.0,10.785880088806152,0.0,0.0,0.0,0.0
35584,293.010986328125,351.6235046386719,2004.0,3374.0,1126.0,0.25141531229019165,0.3345220386981964,0.3140626847743988,,-0.0,10.757075309753418,0.0,0.0,0.0,0.0
35588,293.1867980957031,351.6235046386719,2325.0,3210.0,902.0,0.25177568197250366,0.33554941415786743,0.31267493963241577,,-0.0,10.728270530700684,0.0,0.0,0.0,0.0
35592,293.3626403808594,351.6845397949219,2027.0,3205.0,905.0,0.25217604637145996,0.336547315120697,0.3112766742706299,,-0.0,10.69946575164795,0.0,0.0,0.0,0.0
35596,293.6263732910156,527.4658203125,1909.0,3340.0,1040.0,0.2526160776615143,0.3375149071216583,0.30986908078193665,,-0.0,10.670660972595215,0.0,0.0,0.0,0.0
35600,293.8901062011719,527.4658203125,2588.0,3176.0,824.0,0.25309544801712036,0.3384513556957245,0.3084532618522644,,-0.0,10.64185619354248,0.0,0.0,0.0,0.0
35604,294.0659484863281,351.6845397949219,2130.0,3104.0,663.0,0.2536137104034424,0.3393558859825134,0.30703043937683105,,-0.0,10.613051414489746,0.0,0.0,0.0,0.0
35608,294.3296813964844,527.4658203125,1839.0,3149.0,803.0,0.2541704475879669,0.34022778272628784,0.3056018054485321,,-0.0,10.584246635437012,0.0,0.0,0.0,0.0
35612,294.5054931640625,351.6235046386719,1609.0,3270.0,927.0,0.25476524233818054,0.34106630086898804,0.3041684925556183,,-0.0,10.555441856384277,0.0,0.0,0.0,0.0
35616,294.76922607421875,527.4658203125,2634.0,3120.0,729.0,0.2553975582122803,0.3418707549571991,0.3027317523956299,,-0.0,10.526637077331543,0.0,0.0,0.0,0.0
35620,294.945068359375,351.6845397949219,1850.0,3107.0,741.0,0.25606685876846313,0.3426404595375061,0.3012927174568176,,-0.0,10.497832298278809,0.0,0.0,0.0,0.0
35624,295.1208801269531,351.6235046386719,1644.0,3239.0,880.0,0.25677260756492615,0.3433747887611389,0.2998526394367218,,-0.0,10.469027519226074,0.0,0.0,0.0,0.0
35628,295.20880126953125,175.84226989746094,2627.0,3076.0,684.0,0.25751423835754395,0.3440731465816498,0.29841265082359314,,-0.0,10.44022274017334,0.0,0.0,0.0,0.0
35632,295.29669189453125,175.78123474121094,2213.0,3006.0,540.0,0.2582911252975464,0.34473493695259094,0.2969740033149719,,-0.0,10.411417961120605,0.0,0.0,0.0,0.0
35636,295.4725341796875,351.6845397949219,1908.0,3038.0,676.0,0.25910258293151855,0.34535959362983704,0.2955378592014313,,-0.0,10.382613182067871,0.0,0.0,0.0,0.0
35640,295.8241882324219,703.3080444335938,1787.0,3158.0,811.0,0.2599480152130127,0.34594660997390747,0.2941054105758667,,-0.0,10.353808403015137,0.0,0.0,0.0,0.0
35644,296.0879211425781,527.4658203125,2335.0,2938.0,478.0,0.26082664728164673,0.34649553894996643,0.2926778495311737,,-0.0,10.325003623962402,0.0,0.0,0.0,0.0
35648,296.3516540527344,527.4658203125,2015.0,2970.0,634.0,0.26173776388168335,0.3470058739185333,0.2912563681602478,,-0.0,10.296198844909668,0.0,0.0,0.0,0.0
35652,296.6153869628906,527.4658203125,1918.0,3088.0,767.0,0.26268064975738525,0.3474771976470947,0.2898421585559845,,-0.0,10.267394065856934,0.0,0.0,0.0,0.0
35656,296.79119873046875,351.6235046386719,2765.0,2928.0,588.0,0.263654500246048,0.347909152507782,0.2884363532066345,,-0.0,10.2385892868042,0.0,0.0,0.0,0.0
35660,296.8791198730469,175.84226989746094,2353.0,2855.0,450.0,0.26465851068496704,0.34830135107040405,0.28704017400741577,,-0.0,10.209784507751465,0.0,0.0,0.0,0.0
35664,296.967041015625,175.84226989746094,2083.0,2882.0,605.0,0.2656918168067932,0.34865349531173706,0.2856547236442566,,-0.0,10.18097972869873,0.0,0.0,0.0,0.0
35668,297.1428527832031,351.6235046386719,2063.0,2997.0,744.0,0.266753613948822,0.34896525740623474,0.2842811644077301,,-0.0,10.152174949645996,0.0,0.0,0.0,0.0
35672,297.4945068359375,703.3080444335938,2475.0,2779.0,431.0,0.26784297823905945,0.349236398935318,0.2829206585884094,,-0.0,10.123370170593262,0.0,0.0,0.0,0.0
35676,297.8461608886719,703.3080444335938,2186.0,2796.0,578.0,0.26895904541015625,0.3494666814804077,0.2815743088722229,,-0.0,10.094565391540527,0.0,0.0,0.0,0.0
35680,298.19781494140625,703.3080444335938,2231.0,2890.0,721.0,0.27010083198547363,0.3496559262275696,0.28024327754974365,,-0.0,10.065760612487793,0.0,0.0,0.0,0.0
35684,298.4615478515625,527.4658203125,2899.0,2723.0,541.0,0.27126744389533997,0.34980398416519165,0.27892860770225525,,-0.0,10.036955833435059,0.0,0.0,0.0,0.0
35688,298.6373596191406,351.6235046386719,2553.0,2642.0,406.0,0.27245789766311646,0.349910706281662,0.2776314318180084,,-0.0,10.008151054382324,0.0,0.0,0.0,0.0
35692,298.989013671875,703.3080444335938,2356.0,2658.0,562.0,0.2736711800098419,0.3499760329723358,0.27635282278060913,,-0.0,9.97934627532959,0.0,0.0,0.0,0.0
35696,299.3406677246094,703.3080444335938,2425.0,2746.0,711.0,0.27490633726119995,0.34999987483024597,0.27509382367134094,,-0.0,9.950541496276855,0.0,0.0,0.0,0.0
35700,299.6044006347656,527.4658203125,2648.0,2540.0,398.0,0.2761622667312622,0.34998226165771484,0.2738554775714874,,-0.0,9.921736717224121,0.0,0.0,0.0,0.0
35704,299.9560546875,703.3080444335938,2445.0,2546.0,557.0,0.2774380147457123,0.34992316365242004,0.27263882756233215,,-0.0,9.892931938171387,0.0,0.0,0.0,0.0
35708,300.1318664550781,351.6235046386719,2557.0,2637.0,704.0,0.2787324786186218,0.34982264041900635,0.2714448869228363,,-0.0,9.864127159118652,0.0,0.0,0.0,0.0
35712,300.4835205078125,703.3080444335938,3083.0,2464.0,537.0,0.2800445854663849,0.3496808111667633,0.27027463912963867,,-0.0,9.835322380065918,0.0,0.0,0.0,0.0
35716,300.74725341796875,527.4658203125,2731.0,2372.0,409.0,0.2813732326030731,0.3494977355003357,0.26912903785705566,,-0.0,9.806517601013184,0.0,0.0,0.0,0.0
35720,301.010986328125,527.4658203125,2607.0,2394.0,572.0,0.28271734714508057,0.3492736220359802,0.2680090665817261,,-0.0,9.77771282196045,0.0,0.0,0.0,0.0
35724,301.27471923828125,527.4658203125,2706.0,2472.0,725.0,0.2840757966041565,0.34900858998298645,0.26691561937332153,,-0.0,9.748908042907715,0.0,0.0,0.0,0.0
35728,301.5384521484375,527.4658203125,2685.0,2255.0,429.0,0.28544744849205017,0.34870293736457825,0.26584964990615845,,-0.0,9.72010326385498,0.0,0.0,0.0,0.0
35732,301.71429443359375,351.6845397949219,2758.0,2280.0,600.0,0.28683117032051086,0.34835684299468994,0.26481199264526367,,-0.0,9.691298484802246,0.0,0.0,0.0,0.0
35736,301.97802734375,527.4658203125,2777.0,2361.0,748.0,0.28822582960128784,0.3479706645011902,0.26380354166030884,,-0.0,9.662493705749512,0.0,0.0,0.0,0.0
35740,302.24176025390625,527.4658203125,3187.0,2205.0,575.0,0.289630264043808,0.3475446403026581,0.2628251016139984,,-0.0,9.633688926696777,0.0,0.0,0.0,0.0
35744,302.3296813964844,175.84226989746094,2703.0,2138.0,450.0,0.29104331135749817,0.34707921743392944,0.26187750697135925,,-0.0,9.604884147644043,0.0,0.0,0.0,0.0
35748,302.4175720214844,175.78123474121094,2861.0,2164.0,616.0,0.2924637496471405,0.34657469391822815,0.2609615623950958,,-0.0,9.576079368591309,0.0,0.0,0.0,0.0
35752,302.4175720214844,0.0,2854.0,2258.0,775.0,0.29389047622680664,0.3460315465927124,0.26007798314094543,,-0.0,9.547274589538574,0.0,0.0,0.0,0.0
35756,302.5934143066406,351.6845397949219,2709.0,2038.0,486.0,0.2953222692012787,0.345450222492218,0.25922754406929016,,-0.0,9.51846981048584,0.0,0.0,0.0,0.0
35760,302.945068359375,703.3080444335938,3022.0,2055.0,663.0,0.29675793647766113,0.3448311686515808,0.25841090083122253,,-0.0,9.489665031433105,0.0,0.0,0.0,0.0
35764,303.20880126953125,527.4658203125,2931.0,2131.0,829.0,0.29819628596305847,0.34417495131492615,0.25762879848480225,,-0.0,9.460860252380371,0.0,0.0,0.0,0.0
35768,303.3846130371094,351.6235046386719,2963.0,1970.0,670.0,0.2996361255645752,0.34348204731941223,0.25688183307647705,,-0.0,9.432055473327637,0.0,0.0,0.0,0.0
35772,303.4725341796875,175.84226989746094,2829.0,1888.0,554.0,0.3010762929916382,0.3427531123161316,0.2561706304550171,,-0.0,9.403250694274902,0.0,0.0,0.0,0.0
35776,303.6483459472656,351.6235046386719,3018.0,1925.0,733.0,0.30251553654670715,0.3419886529445648,0.2554958164691925,,-0.0,9.374445915222168,0.0,0.0,0.0,0.0
35780,303.73626708984375,175.84226989746094,2946.0,1876.0,717.0,0.30395272374153137,0.3411893844604492,0.2548578977584839,,-0.0,9.345641136169434,0.0,0.0,0.0,0.0
35784,303.9120788574219,351.6235046386719,2966.0,1785.0,605.0,0.30538660287857056,0.3403559625148773,0.2542574405670166,,-0.0,9.3168363571167,0.0,0.0,0.0,0.0
35788,304.0,175.84226989746094,3177.0,1818.0,791.0,0.306816041469574,0.33948904275894165,0.25369495153427124,,-0.0,9.288031578063965,0.0,0.0,0.0,0.0
35792,304.1758117675781,351.6235046386719,2923.0,1897.0,967.0,0.30823978781700134,0.3385893404483795,0.2531708776950836,,-0.0,9.25922679901123,0.0,0.0,0.0,0.0
35796,304.4395751953125,527.52685546875,3457.0,1720.0,808.0,0.3096567392349243,0.337657630443573,0.25268563628196716,,-0.0,9.230422019958496,0.0,0.0,0.0,0.0
35800,304.70330810546875,527.4658203125,2933.0,1647.0,712.0,0.3110656440258026,0.3366946876049042,0.2522396743297577,,-0.0,9.201617240905762,0.0,0.0,0.0,0.0
35804,304.8791198730469,351.6235046386719,3388.0,1648.0,896.0,0.3124653995037079,0.3357013165950775,0.25183331966400146,,-0.0,9.172812461853027,0.0,0.0,0.0,0.0
35808,305.1428527832031,527.4658203125,3159.0,1600.0,893.0,0.31385478377342224,0.3346782922744751,0.25146692991256714,,-0.0,9.144007682800293,0.0,0.0,0.0,0.0
35812,305.3186950683594,351.6845397949219,2861.0,1504.0,789.0,0.31523269414901733,0.33362650871276855,0.2511408030986786,,-0.0,9.115202903747559,0.0,0.0,0.0,0.0
35816,305.5824279785156,527.4658203125,3282.0,1528.0,985.0,0.31659796833992004,0.33254683017730713,0.2508552074432373,,-0.0,9.086398124694824,0.0,0.0,0.0,0.0
35820,305.75823974609375,351.6235046386719,3351.0,1601.0,1173.0,0.31794944405555725,0.33144015073776245,0.2506103813648224,,-0.0,9.05759334564209,0.0,0.0,0.0,0.0
35824,306.02197265625,527.4658203125,3039.0,1433.0,1017.0,0.319286048412323,0.33030739426612854,0.25040656328201294,,-0.0,9.028788566589355,0.0,0.0,0.0,0.0
35828,306.28570556640625,527.4658203125,2854.0,1348.0,929.0,0.32060664892196655,0.3291494846343994,0.2502438724040985,,-0.0,8.999983787536621,0.0,0.0,0.0,0.0
35832,306.4615478515625,351.6845397949219,2987.0,1368.0,1130.0,0.32191017270088196,0.3279673755168915,0.25012245774269104,,-0.0,8.971179008483887,0.0,0.0,0.0,0.0
35836,306.72528076171875,527.4658203125,3433.0,1320.0,1129.0,0.3231954872608185,0.3267620801925659,0.2500424087047577,,-0.0,8.942374229431152,0.0,0.0,0.0,0.0
35840,306.989013671875,527.4658203125,3161.0,1234.0,1026.0,0.32446157932281494,0.3255345821380615,0.250003844499588,,-0.0,8.913569450378418,0.0,0.0,0.0,0.0
35844,307.25274658203125,527.4658203125,2871.0,1235.0,1250.0,0.3257073760032654,0.3242858946323395,0.2500067353248596,,-0.0,8.884764671325684,0.0,0.0,0.0,0.0
35848,307.5164794921875,527.4658203125,3179.0,1320.0,1440.0,0.32693183422088623,0.32301706075668335,0.2500511109828949,,-0.0,8.85595989227295,0.0,0.0,0.0,0.0
35852,307.8681335449219,703.3080444335938,3385.0,1152.0,1292.0,0.3281339406967163,0.3217291235923767,0.2501369118690491,,-0.0,8.827155113220215,0.0,0.0,0.0,0.0
35856,308.1318664550781,527.4658203125,3702.0,1062.0,1198.0,0.3293127119541168,0.3204231560230255,0.25026410818099976,,-0.0,8.79835033416748,0.0,0.0,0.0,0.0
35860,308.4835205078125,703.3080444335938,3059.0,1081.0,1410.0,0.330467164516449,0.3191002607345581,0.250432550907135,,-0.0,8.769545555114746,0.0,0.0,0.0,0.0
35864,308.6593322753906,351.6235046386719,3476.0,1033.0,1406.0,0.33159634470939636,0.31776151061058044,0.2506421208381653,,-0.0,8.740740776062012,0.0,0.0,0.0,0.0
35868,309.010986328125,703.3080444335938,3605.0,955.0,1312.0,0.33269932866096497,0.31640803813934326,0.25089263916015625,,-0.0,8.711935997009277,0.0,0.0,0.0,0.0
35872,309.27471923828125,527.4658203125,3279.0,978.0,1517.0,0.3337751626968384,0.3150409162044525,0.2511839270591736,,-0.0,8.683131217956543,0.0,0.0,0.0,0.0
35876,309.5384521484375,527.4658203125,2838.0,1058.0,1716.0,0.33482295274734497,0.3136613368988037,0.2515156865119934,,-0.0,8.654326438903809,0.0,0.0,0.0,0.0
35880,309.80218505859375,527.4658203125,3434.0,906.0,1562.0,0.3358418941497803,0.3122704327106476,0.2518876791000366,,-0.0,8.625521659851074,0.0,0.0,0.0,0.0
35884,310.0659484863281,527.52685546875,3691.0,832.0,1470.0,0.33683106303215027,0.31086933612823486,0.25229957699775696,,-0.0,8.59671688079834,0.0,0.0,0.0,0.0
35888,310.3296813964844,527.4658203125,3482.0,860.0,1688.0,0.33778971433639526,0.30945923924446106,0.25275105237960815,,-0.0,8.567912101745605,0.0,0.0,0.0,0.0
35892,310.6813049316406,703.2470092773438,3447.0,821.0,1681.0,0.338716983795166,0.3080412745475769,0.25324174761772156,,-0.0,8.539107322692871,0.0,0.0,0.0,0.0
35896,310.945068359375,527.52685546875,3810.0,748.0,1584.0,0.33961212635040283,0.3066166341304779,0.25377121567726135,,-0.0,8.510302543640137,0.0,0.0,0.0,0.0
35900,311.20880126953125,527.4658203125,3493.0,773.0,1798.0,0.3404744267463684,0.30518651008605957,0.2543390393257141,,-0.0,8.481497764587402,0.0,0.0,0.0,0.0
35904,311.5604248046875,703.2470092773438,2635.0,869.0,2000.0,0.34130311012268066,0.3037520945072174,0.254944771528244,,-0.0,8.452692985534668,0.0,0.0,0.0,0.0
35908,311.8241882324219,527.52685546875,3358.0,726.0,1838.0,0.34209758043289185,0.30231454968452454,0.2555878460407257,,-0.0,8.423888206481934,0.0,0.0,0.0,0.0
35912,312.0,351.6235046386719,3758.0,666.0,1729.0,0.34285709261894226,0.30087509751319885,0.256267786026001,,-0.0,8.3950834274292,0.0,0.0,0.0,0.0
35916,312.1758117675781,351.6235046386719,3518.0,700.0,1932.0,0.34358105063438416,0.29943493008613586,0.25698402523994446,,-0.0,8.366278648376465,0.0,0.0,0.0,0.0
35920,312.3516540527344,351.6845397949219,3243.0,675.0,1919.0,0.3442688584327698,0.2979952096939087,0.257735937833786,,-0.0,8.33747386932373,0.0,0.0,0.0,0.0
35924,312.4395751953125,175.84226989746094,3619.0,618.0,1816.0,0.34491991996765137,0.29655715823173523,0.2585228979587555,,-0.0,8.308669090270996,0.0,0.0,0.0,0.0
35928,312.70330810546875,527.4658203125,3614.0,656.0,2030.0,0.34553372859954834,0.295121967792511,0.25934427976608276,,-0.0,8.279864311218262,0.0,0.0,0.0,0.0
35932,312.967041015625,527.4658203125,2919.0,751.0,2229.0,0.3461097478866577,0.29369083046913147,0.2601994276046753,,-0.0,8.251059532165527,0.0,0.0,0.0,0.0
35936,313.23077392578125,527.4658203125,3043.0,609.0,2067.0,0.3466475307941437,0.2922649085521698,0.261087566614151,,-0.0,8.222254753112793,0.0,0.0,0.0,0.0
35940,313.5824279785156,703.3080444335938,3375.0,554.0,1973.0,0.347146600484848,0.29084542393684387,0.2620079815387726,,-0.0,8.193449974060059,0.0,0.0,0.0,0.0
35944,313.75823974609375,351.6235046386719,3083.0,704.0,2346.0,0.3476065397262573,0.2894335091114044,0.26295992732048035,,-0.0,8.164645195007324,0.0,0.0,0.0,0.0
35948,314.02197265625,527.4658203125,2936.0,581.0,2170.0,0.34802699089050293,0.28803038597106934,0.2639425992965698,,-0.0,8.13584041595459,0.0,0.0,0.0,0.0
35952,314.19781494140625,351.6845397949219,3316.0,539.0,2048.0,0.3484076261520386,0.28663718700408936,0.26495519280433655,,-0.0,8.107035636901855,0.0,0.0,0.0,0.0
35956,314.28570556640625,175.78123474121094,3633.0,578.0,2256.0,0.3487480580806732,0.2852550745010376,0.2659968435764313,,-0.0,8.078230857849121,0.0,0.0,0.0,0.0
35960,314.3736267089844,175.84226989746094,3022.0,688.0,2450.0,0.34904807806015015,0.2838851809501648,0.26706671714782715,,-0.0,8.049426078796387,0.0,0.0,0.0,0.0
35964,314.5494384765625,351.6235046386719,2815.0,559.0,2280.0,0.3493073880672455,0.28252866864204407,0.26816391944885254,,-0.0,8.020621299743652,0.0,0.0,0.0,0.0
35968,314.9010925292969,703.3080444335938,3187.0,520.0,2187.0,0.3495257794857025,0.2811867296695709,0.26928746700286865,,-0.0,7.991818428039551,0.0,0.0,0.0,0.0
35972,315.25274658203125,703.3080444335938,3171.0,655.0,2553.0,0.3497030735015869,0.27986058592796326,0.2704363167285919,,-0.0,7.963019371032715,0.0,0.0,0.0,0.0
35976,315.6044006347656,703.3080444335938,2686.0,543.0,2404.0,0.34983912110328674,0.2785511314868927,0.27160969376564026,,-0.0,7.934220314025879,0.0,0.0,0.0,0.0
35980,315.78021240234375,351.6235046386719,3029.0,489.0,2304.0,0.3499338626861572,0.2772594690322876,0.2728066146373749,,-0.0,7.905421257019043,0.0,0.0,0.0,0.0
35984,315.9560546875,351.6845397949219,3471.0,559.0,2513.0,0.3499871790409088,0.2759866714477539,0.274026095867157,,-0.0,7.876622200012207,0.0,0.0,0.0,0.0
35988,316.30767822265625,703.2470092773438,3076.0,650.0,2701.0,0.3499990403652191,0.2747338116168976,0.2752671241760254,,-0.0,7.847823143005371,0.0,0.0,0.0,0.0
35992,316.5714416503906,527.52685546875,2563.0,537.0,2541.0,0.34996944665908813,0.2735018730163574,0.27652865648269653,,-0.0,7.819024085998535,0.0,0.0,0.0,0.0
35996,316.8351745605469,527.4658203125,2908.0,496.0,2451.0,0.34989839792251587,0.2722919285297394,0.27780964970588684,,-0.0,7.790225028991699,0.0,0.0,0.0,0.0
36000,317.0989074707031,527.4658203125,2901.0,656.0,2816.0,0.3497859835624695,0.27110493183135986,0.27910903096199036,,-0.0,7.761425971984863,0.0,0.0,0.0,0.0
36004,317.3626403808594,527.4658203125,2467.0,545.0,2648.0,0.34963226318359375,0.26994192600250244,0.2804257571697235,,-0.0,7.732626914978027,0.0,0.0,0.0,0.0
36008,317.6263732910156,527.4658203125,2855.0,506.0,2554.0,0.349437415599823,0.26880383491516113,0.28175872564315796,,-0.0,7.703827857971191,0.0,0.0,0.0,0.0
36012,317.8901062011719,527.4658203125,3297.0,572.0,2756.0,0.3492015302181244,0.26769164204597473,0.28310680389404297,,-0.0,7.6750288009643555,0.0,0.0,0.0,0.0
36016,318.1538391113281,527.4658203125,2709.0,682.0,2955.0,0.348924845457077,0.2666062116622925,0.2844688892364502,,-0.0,7.6462297439575195,0.0,0.0,0.0,0.0
36020,318.3296813964844,351.6845397949219,2334.0,576.0,2777.0,0.34860759973526,0.2655484974384308,0.2858438789844513,,-0.0,7.617430686950684,0.0,0.0,0.0,0.0
36024,318.5934143066406,527.4658203125,2795.0,541.0,2680.0,0.34825003147125244,0.2645193338394165,0.28723058104515076,,-0.0,7.588631629943848,0.0,0.0,0.0,0.0
36028,318.76922607421875,351.6235046386719,2733.0,702.0,3025.0,0.3478524684906006,0.26351961493492126,0.28862789273262024,,-0.0,7.559832572937012,0.0,0.0,0.0,0.0
36032,319.032958984375,527.4658203125,2277.0,587.0,2841.0,0.3474152088165283,0.26255014538764954,0.29003462195396423,,-0.0,7.531033515930176,0.0,0.0,0.0,0.0
36036,319.1208801269531,175.84226989746094,2753.0,556.0,2733.0,0.3469386100769043,0.2616117298603058,0.291449636220932,,-0.0,7.50223445892334,0.0,0.0,0.0,0.0
36040,319.20880126953125,175.84226989746094,3150.0,625.0,2928.0,0.34642308950424194,0.2607051730155945,0.29287171363830566,,-0.0,7.473435401916504,0.0,0.0,0.0,0.0
36044,319.29669189453125,175.78123474121094,2587.0,737.0,3110.0,0.3458690643310547,0.25983116030693054,0.2942997217178345,,-0.0,7.444636344909668,0.0,0.0,0.0,0.0
36048,319.5604248046875,527.4658203125,2215.0,644.0,2927.0,0.34527701139450073,0.25899049639701843,0.29573243856430054,,-0.0,7.415837287902832,0.0,0.0,0.0,0.0
